50%	60%	70%	80%	90%
(-0.00732,0.366]	1	1	1	1	1
(0.366,0.732]	1	1	1	1	1
(0.732,1.1]	0.76730848	1	1	1	1
(1.1,1.46]	0.280104735	0.627919292	0.9384776	1	1
(1.46,1.83]	0.20685942	0.44119437	0.7536946	0.959172774	1
(1.83,2.2]	0.19723865	0.39194944	0.65658019	0.88271606	1
(2.2,2.56]	0.14892924	0.2857143	0.5121212	0.783040822	0.97234565
(2.56,2.93]	0.09611929	0.18575963	0.342625348	0.5867347	0.87455195
(2.93,3.29]	0.0768617	0.14393939	0.26415095	0.475	0.7747748
(3.29,3.66]	0.06302083	0.117696214	0.21428572	0.3867138	0.6798419
(3.66,4.03]	0.050975397	0.09318996	0.1673592	0.30666667	0.5766129
(4.03,4.39]	0.043771043	0.078947365	0.14202899	0.25719735	0.49
(4.39,4.76]	0.038662907	0.06901311	0.12332418	0.22360249	0.436622271
(4.76,5.12]	0.03345771	0.058962263	0.10403185	0.18777777	0.36842105
(5.12,5.49]	0.028156597	0.04878435	0.08429459	0.15007815	0.29524991
(5.49,5.86]	0.025210084	0.04322818	0.074122341	0.130812324	0.25367767
(5.86,6.22]	0.025490196	0.043715846	0.074906364	0.13286701	0.25739425
(6.22,6.59]	0.030018762	0.052817613	0.09235697	0.16334858	0.31343284
(6.59,6.95]	0.039897553	0.075187966	0.136754785	0.237994918	0.4385965
(6.95,7.33]	0.044444446	0.083104394	0.150382426	0.27921345	0.49382716
