"Variety","Starch.BLUP","Total.Polysaccharides.BLUP","WSP.BLUP","Glucose.BLUP","Fructose.BLUP","Sucrose.BLUP","Total.Sugar.BLUP"
"2",2.46434338474441,6.67944867579071,3.40567579824362,-0.999048098736797,-1.28885254145574,-0.756032189321716,-3.6421406291803
"257A9",15.5350922479986,3.02003952625616,-7.0706181209024,0.638809712489099,0.754495109706078,-3.37742315842236,-3.15865038212283
"304A",-0.504721421258528,2.95664089323964,2.69711728962293,-0.662872113209049,-0.8201386300438,-3.07987412246838,-4.51304535702375
"34f",-2.39892510745082,-6.98847366563639,-3.20475686495602,0.513350260602418,0.592277570249018,5.51376760879164,7.80470566353388
"471-U6",-4.1688436683777,-0.6522023260556,3.04931410991696,0.289631789469184,0.617133016772393,1.79001093045807,1.73771753955917
"675A",0.239949459316149,-4.00882486107144,-4.28999953235824,0.887394114635954,1.29957965874672,-0.403318402160626,2.94011486029492
"81-1",-4.53636125338787,1.9234769487873,4.32033574308017,-0.401909995909598,-0.220982512145785,1.11361777613555,0.0839878495330693
"83610b",-3.70692074218841,-1.75412449789674,1.7397359703172,0.444188398619259,0.242296246029294,1.94187710915599,4.04831526473511
"83612b",-3.68736106134484,-2.50295746301455,1.16217778664187,0.455165111787225,0.851350035480652,3.82868928754749,5.72480109432812
"A10579",0.790171450171656,-4.065386994899,-5.19803984147823,0.000458989012944871,1.36510434359173,3.20446502837938,5.5290092311981
"A15",17.9703322074825,9.67912375384014,-8.35979660527213,-0.253712882692023,-0.0979929872132033,-7.09321060266235,-6.2457462797902
"A648",26.1865359914976,16.5009759812079,-10.3923621407898,-0.492456257531959,-0.30866407124494,-6.53537360706555,-7.34217414206805
"A684",3.68214441313196,0.389202186988952,-3.97243758690545,0.222564507994746,-0.229378599296917,-6.25075719461051,-4.71572613556487
"A685",5.36225738878268,3.94100595895902,-2.76812641206056,-0.468079904969178,-0.504351675543402,-5.2405967635045,-5.27865656187155
"A686",5.01797975105588,4.05559898424737,-1.48152493899006,-0.774433544950958,-0.559817188043739,-5.39752449752555,-5.69495909075301
"A7",25.9730597906831,8.88102550901966,-9.92060569985214,-0.311817800682474,0.355482930896414,-9.58156146282283,-9.69590841455324
"AS11",1.80964897529115,3.35970350560965,1.53643485651378,-0.454877996825765,-0.301314081638329,-1.48051930729072,-2.35003392897005
"B5765",-5.44796009081589,-2.45600683908099,2.55383710540922,0.323694717740259,0.229744595587456,1.70624160623009,1.60544991124736
"B5870",4.79026179570654,2.4218483121093,-2.11201602950131,-0.521581173472206,-0.555009642186431,-2.4882567099049,-3.66301007417385
"C12-1",3.08035373873599,2.41133929047907,-0.975387326064633,-0.186112824357236,-0.14007483621922,-3.39222159049239,-3.00355335543522
"C13",4.23339380656789,3.89205290763059,-0.362207114935167,-0.467921656278427,-0.781359718477915,-5.72495610322658,-6.18204481694617
"C15",4.08482025009161,2.15750691501788,-1.4539202959004,0.243568856655878,0.26704924956896,-0.149260635719645,0.563363943294277
"C18",0.0540504383779425,3.63477125378209,2.95933046156996,-0.926859226737746,-0.939542556724168,-3.09270940914509,-4.77256989123555
"C2",1.58013510014694,3.36826673748223,1.50638566636545,-1.30216007600371,-0.541142080502828,0.693811459005951,-2.80794654531749
"C22",5.90267822314708,5.96200908160856,-0.841130304956724,-0.892282493848145,-0.977173321448852,-3.51227028353787,-5.15536641796762
"C23",1.34039934339273,4.34944083159535,2.37667772400957,-1.18958687110792,-1.08933582362917,-0.514721831486382,-3.19038032631722
"C27",1.25813374750529,1.27666884468479,-0.378174247056174,-0.751425320379794,-1.43314547924026,-2.23718392186284,-4.9456634030635
"C27red",3.45498769845187,4.01315222763341,0.30626534617664,-0.936712526368897,-1.31980301463305,-4.67070644002978,-5.40253630011773
"C3",6.18647705721222,1.20911792429079,-4.30998918268186,-0.547697344887564,-0.329025286201593,-3.52845451456621,-3.40920573649347
"C30",2.16351512199718,6.33184128831632,3.90197013536075,-1.42077056666636,-1.59050886836905,-4.00774800205785,-7.21152999817794
"C31",4.25504690851908,8.3712585975632,3.76096485838485,-1.90588407512442,-1.8048000679388,-1.56545597603023,-6.14909118447269
"C38",6.8810406210664,1.93121868773212,-4.67356624819505,-0.399720841799488,-0.648370884128769,-4.93111138303996,-4.46521998064558
"C4",7.05982552713689,-1.93989259906558,-7.77184716418853,0.494463817635635,0.860110881245394,-2.66895195351041,0.895942133011585
"C40",1.18138414751726,-2.61898141633638,-3.65506023385797,0.75995049597444,0.665718626041105,0.0534244864331856,2.66405363645504
"C42",6.66249505559226,8.9956407379015,1.77248980310727,-1.96671931664333,-2.49451951164633,-3.14307614140315,-10.4310270509708
"C5",0.522673306668326,0.918989576380755,0.201175388409941,-0.285297802592407,-0.316926326289779,-1.99015866360405,-1.8209094744068
"C5-NT",0.529906626105578,-3.34723523198835,-3.72495392166549,-0.154409920893433,-0.0932583303656968,-2.95912033633951,-2.22028938073359
"C65",2.69153513900336,5.03778789080955,1.61655910791329,-0.723868060643536,-1.19580304764011,-5.14578862727956,-7.09932513839853
"C68",3.16757715695535,5.89253889499,1.99437421087968,-1.02839048816462,-1.20269891202551,-5.14497996587895,-7.37630035896164
"C68R",1.99518091144194,4.74796345963874,2.70152689167188,-0.394857959440326,-0.803055027665736,-2.69248910882327,-3.74601819077112
"C6A",2.90530735556119,6.3638375393529,2.19814645554247,-0.602073808174513,-0.526192207349363,-1.28198879528584,-2.02010699978953
"C7",3.10191558897289,3.48330960654289,-0.276953523570706,-0.229271330247642,-0.465011228104868,-3.36197234625045,-3.98923803276182
"C7e",1.95351635983083,5.98769090536901,3.57544087341187,-1.27975388770644,-1.34819894112205,-2.43279219044489,-4.84640594001903
"C81",9.48445528139486,5.54332067427362,-3.75034858951388,-0.941174999395583,-0.883258419655845,-3.92992117581433,-5.6866128835078
"C8p",8.37412080180736,4.14174193539535,-4.35574088549714,-0.167596606164234,0.178114660210245,-1.30775788354766,-1.39756422858305
"C8w",-2.29216057815835,-3.43980529171566,-1.16811770729814,0.872937197132284,0.255501493768307,-0.586491240984677,0.85699740348584
"C90",1.70815153157661,3.70741902071682,0.753243217996115,-0.222847977056781,-0.0761032579361641,-2.04339893724859,-2.38645389760192
"Check1",-2.53387537922182e-10,1.43357998637913e-10,3.8173885233124e-11,-4.491146166454e-11,-3.89293318014707e-11,-3.65486314097843e-10,-3.65574668079454e-11
"Check2",-1.15806305245245e-11,-1.46761573326921e-12,2.33370478746589e-12,1.89864339389194e-13,7.41481384932809e-14,-4.95326476984276e-12,1.39883081095712e-13
"Check3",5.64253526834815e-12,-1.4585773132858e-11,2.344289295726e-12,-1.23116098239794e-12,1.31762148277445e-12,-5.99756484258861e-12,-9.82607195303825e-13
"Check4",1.64721227936473e-12,1.75592750579902e-12,-8.34955444977234e-13,-5.9965227957366e-13,3.67540208112937e-13,-1.14584682770721e-12,6.51443115442907e-14
"CI540",19.5170480871207,14.5852843109115,-2.30392622307317,-0.81028705160977,-1.13609231436078,-6.27449668046658,-7.63225749806558
"CTS62",14.3757549955013,10.7997941707417,-3.11658295990501,-1.19158038877238,-1.54540157956396,-2.83441475403007,-6.44472769371361
"EP58",0.323373619102562,2.76472089010781,2.59845602637539,0.108531155820749,-0.687284381461077,-3.57273499385535,-5.00145231126206
"EP60",3.87318804164602,4.90692549984353,1.43570965171506,-0.118631866804419,0.236170271705723,0.502115981578201,-1.02535892141602
"EP61",0.960236098778749,-0.0709934370961224,-1.34915232807932,-0.007286616035177,0.318572481807125,-1.89104126138039,-0.0698353572322255
"EP62",-1.29292260024675,0.536108474900626,1.04846003352985,-0.904200103595221,-0.635354035921434,-0.916865105769029,-1.81537800277152
"EP82",0.131180329307076,1.12039405502172,0.32195760674273,-0.892983196727584,-1.10452645868601,-1.77197917514208,-3.17956081510713
"EP83",2.9426890956,4.59379169477275,1.2743527585248,-1.30291719968271,-1.13194670066159,-1.2379107322219,-3.82508751054894
"G8",1.80521290369934,-1.16338946893477,-3.11502306389156,-0.118529659795638,0.250907781800941,-3.11335675105444,-1.25645690996901
"GMBAB",6.11774464084581,6.08639387555203,0.410369460336382,-1.19910632515434,-0.827077439800578,-0.92145433734934,-3.32202904108338
"GTS1",0.799575889102326,4.30454890300549,2.83945139388785,-0.686995378524057,-0.672572191508685,-0.631570912193189,-2.2760670211192
"Hotevilla Az. white sweet corn-1",5.48346704570895,2.80948253022245,-1.31748160421422,0.557345045838491,0.423033675614945,-4.91367589070326,-2.83808017522258
"I45",-3.49134840046943,-0.292716147442154,2.1128050790756,-0.304233895765628,-0.141107998760849,1.28239656124588,-0.298191159722031
"I817",2.25609085135209,-3.65505338829202,-4.45849065654562,1.22744136456934,0.793651487007278,-1.69737755737726,1.80087898964924
"Ia2003",0.799584073314934,2.7405117903689,1.46557097961599,-0.227190346391577,-0.402698015183387,-3.63980010555541,-4.80006332390936
"Ia2076",-0.528100070448664,1.24449405667778,1.04248712583623,-0.216723908289068,-0.574473644897323,-2.20355399425722,-2.4967113042876
"Ia2132",0.751415599282697,0.6307564003055,0.211531657836914,-0.617417872722466,-0.621890181249222,-3.22693982696343,-4.40413449181765
"Ia2256",0.923202344223873,2.53304695283928,1.37727258679949,-1.28216155478604,-1.02733549403715,-3.70613292338053,-7.12134606205952
"Ia2256B",1.74946734590342,3.63063373066969,1.32551895645384,-1.46045703406135,-0.681968009401276,-2.47420089510326,-4.67155623592074
"Ia2730",5.83560134274878,-3.44990881384616,-7.87790408809162,0.881108955010065,0.902318300818847,-6.44399672013262,-2.38925437999088
"Ia4189",4.42378625257989,6.62419552721453,2.27593166237698,-0.599633272890457,-1.24011292379668,-1.12387081484664,-4.47047302613983
"Ia45-1",-0.863005976159311,-3.41338361580928,-2.88053209837315,0.520799000366344,0.987082880793818,1.42180148646774,2.79975621133806
"Ia45-2",-1.96368441238823,-0.0361285405554507,0.9940735899601,-0.518715510710846,-0.239405338602025,-1.27419774544084,-1.31066408646005
"Ia45-3",-1.59481464167096,0.641025314318094,1.1221856591846,-0.199826780554861,0.137681148281619,-1.44349405302797,-1.88332085420983
"Ia453",-1.9427745210774,3.36983022723466,4.64536170625508,-1.46316802381344,-1.39795354573078,-0.373347586253841,-3.68004365165841
"Ia5125",4.12545725174425,1.09261588656545,-3.70813322285686,-0.148413689786021,0.0150525508958393,-3.76487009533389,-3.67276456709608
"Ia5145",-2.10669789312414,-4.81959412696412,-1.25069492512346,2.03301170344863,0.994304553570414,0.189784699880897,4.21746757197062
"Ia5220",-3.04093943751323,2.48787379465426,4.43430645400852,-0.739346682200757,-0.366864218632356,1.22588063615434,-0.618897581474763
"Ia5261",0.962271462687004,6.20713990325837,4.55589741286455,-1.22321516592825,-1.44122122352097,-0.645389095342672,-4.05527243839692
"Ia59",1.14747841310766,0.853215781545388,-0.466397428081294,-0.213410237517801,0.116104561028037,0.895060867768125,0.92739291487482
"IaCG4189",4.31012405250832,6.13848995698555,2.36774881457463,-0.632440947469478,-1.24454508738451,-0.834835190375567,-3.72790365261853
"IaEV191",-5.70410992896807,-3.43105636955486,1.68088094697265,0.63688261075354,0.0263878608414526,-1.50086305976823,0.626027982777853
"IaEV3002",-2.82679686486552,-2.53926722325449,0.937619811489225,0.711839145956995,0.233653917766719,2.74478199285487,4.07506058233882
"IaEV3004",-1.92639350199655,1.65030539011377,3.54507982093121,0.363983304597788,-0.258498263295772,0.606838346078527,0.828276403310694
"IaEV3015",-2.39784527693567,0.00751368396468023,2.10023467989339,1.03332974290946,0.439627282965367,1.50942615299251,3.62385066816796
"If853",-8.36106939252706,-12.604636306535,-3.14331614406886,2.28221989313357,2.14116523440431,10.8812959320631,16.8583835233592
"Il101t",4.11213452721909,3.22265768963633,-1.28620343862363,-0.746992095217785,-0.55296107822544,-2.12984586926629,-3.13990186443421
"IL103a",-1.21747557796953,0.0174351978319061,0.566325208538298,-0.332063668884236,-0.242200018844591,-0.0868093254479958,-0.302024348075051
"IL104g",0.513477156072358,3.23279024866217,1.90814809450587,-0.713406494909787,-0.766836924554997,-0.330494654522493,-2.01596042931342
"IL107a",-2.40516275062697,3.81893752206871,4.54760122666375,-1.85123610902838,-1.25457767565798,-1.20801713015132,-4.38903162919142
"IL110K",12.9564359301388,7.06656980789956,-5.47437514600514,-1.17972241769844,-0.785198123884813,-4.92236817819173,-7.00948585559102
"IL112t",1.08732530758139,3.09106956577091,1.59246986776789,-1.27484103137525,-1.63719659140881,-2.73487558332877,-5.39189791435376
"IL1171",0.150771396708828,4.95939120565287,4.43163221707857,-0.990876275514145,-1.15496309966374,-1.87656568999086,-4.3605750258544
"IL11D",-0.128630392359933,-0.814344480491189,-0.0279705144827282,0.603247450492281,-0.245578784293685,-2.98641322465719,-2.92294690137294
"IL124a",-1.33779328653486,2.48629776374238,2.60884383527448,-0.0933408656747218,-0.358985842338763,-0.373322400766056,-1.19456852576434
"IL125b",-2.32193137443325,0.0227439733907519,1.7922492961144,-0.474676781971405,0.00153626513020431,-1.20695605611814,-2.07073320863445
"IL13B",-0.527470709954641,4.40197024065444,3.49532935429441,-0.964308713997842,-0.862647133835013,-0.52623008425472,-2.88680772367408
"IL14b",-0.882617666273286,-2.30335259735978,-1.61471480461497,0.185160219150471,0.801895108629682,1.2801618057887,0.868888688986464
"IL14C",-2.44700144301275,-2.04822304959669,0.490830859447217,1.53754634529519,1.22827503887665,2.37219889582037,5.74980346922741
"IL14H",-0.201929937319011,-1.23343143242145,-0.866663139033878,0.790901052310688,0.655411086642253,1.13094687172496,2.60927733761854
"IL18b",-3.93591603731851,0.261462209738727,4.33205550425623,0.100842586433058,-0.254360167574854,1.24066802967576,1.17713877555124
"IL200e",3.39310956048343,8.53200875669686,5.22240949457569,-1.34799371646525,-1.06664816461603,-0.56252938067049,-4.22511168157629
"IL21f",0.806287911268952,3.3141961459896,2.5950786574934,-0.591084193080531,-0.384897991091947,1.86920336259001,-0.494188816895385
"IL279AxRp1d",3.83902915684851,-1.59527418296972,-4.04669528245942,0.878781176360117,0.949381531318937,0.660841611781626,2.60190240046787
"IL27a",6.34410199849522,-0.723841453623035,-6.07057884651763,0.713643546063561,0.516755103474156,-1.21335269895073,1.42034373997568
"IL303b",7.91301341230271,7.92337615643014,-0.573388523783767,-1.20662874748306,-1.09822759449419,-4.30029841475446,-6.58454365594699
"IL318a",-1.76401267402764,2.36207337855949,3.81386512142491,-1.58260916250181,-1.74534575180899,-0.726559812195249,-5.14013550553451
"IL31a",1.46746104913204,2.49303342937224,1.18172812822699,-0.441161177455927,-0.71859687604918,-2.74179756318802,-3.75086072104041
"IL323a",3.86466855952849,5.48759599925854,1.14464094270557,-0.935842012678619,-0.731948997876661,-2.44784044049038,-4.33520060606335
"IL325a",-2.93729377404116,-2.06205191212246,1.18883967883702,0.858316043387959,0.111044505743352,-0.923552181221765,0.617460470347046
"IL328a",1.59031565535685,3.52531770405729,1.56110962469949,-0.527890202630732,-0.214151311611682,0.429794619907288,-0.285384246006324
"IL354a",-1.62062015555652,1.21632596329399,2.46896249363196,0.583666981368928,0.0295935685277116,-0.577833245915776,0.0548488965143096
"IL366a",1.28355470892517,-0.776462495639163,-0.517148521760462,0.451990082973076,0.337896624459773,1.43121508736625,3.4471014597456
"IL368a",-3.75506833211668,0.689064034595278,4.51798223665507,0.011532634359392,0.564021752888257,6.55156862913772,6.0346961179311
"IL369b",-0.530716900318707,-8.45614178333335,-6.02679334051302,1.13047576405908,1.56834469543391,-0.369193421534031,3.61120078967078
"IL370a",6.28916863976868,6.23367375103651,-0.044816448343648,-0.440430635092416,0.0118741164734905,0.37179053381548,-1.6099850406518
"IL393a",1.98355886259531,3.88814376017716,1.14996379637954,0.0178783852517126,0.24588689811719,-0.45153769249383,-0.714550286072503
"IL395a",-3.94223305203233,-0.532871612739217,2.51376986251119,-0.034343224653941,-0.561519300559411,-2.68806541554866,-3.04805093992711
"IL430a",1.3024572869711,3.98560241533817,2.49763538886083,-1.39803726132903,-1.43103636686668,-1.51667521756872,-4.4063440938963
"IL437a",3.3671704403916,2.50658970081159,-0.719310346485696,-1.23431019089332,-1.2771850831994,-3.97023492217368,-5.99871523988279
"IL442a",-1.66842387514722,1.96905375542006,2.54326681118728,0.0855455500643448,-0.172901695549611,0.50062560330009,1.2227264110151
"IL44b",-6.68585028887074,0.155602302363739,6.25373498447665,0.943125413074098,0.773950627348891,7.19174621205342,8.76420861088427
"IL451b",5.94683866117317,3.0488523912743,-3.13560854727868,-0.739109891799979,-0.742071373297812,-2.50048280434853,-2.25659741093575
"IL453b",-1.02981703129325,3.74845298323155,4.38248718825927,-1.50746595077043,-1.33005215878896,-0.466270058067145,-3.48626130901823
"IL454a",-1.15344895144996,0.0552370674774663,1.13017874617809,-0.77316546653756,-0.695331343172518,-2.24045548059394,-3.8701975772767
"IL465a",-1.04845287334799,-1.60517575923394,-0.66008440370282,-0.241881203968766,-0.3073896093874,0.0936897711672142,-0.202536724830206
"IL47A",1.24363028184999,-0.180495823784409,-1.35047748586005,0.335595219017971,0.498916494745242,1.44455549272302,1.69197592643024
"IL515a",5.00143457908139,-0.614514181679007,-4.29413745384335,-0.331855247064708,0.177934333910025,-2.96070610638902,-2.7911327329476
"IL543c",-3.99733901462869,1.06771046292726,4.67804656761047,-0.594033236065199,-1.13634449114,-1.61650437253232,-3.2602267627682
"IL545",-0.100530387487208,2.95820033406304,2.11536333420549,-0.496990830958835,-0.616424500979248,-0.89180868024021,-1.93314810849156
"IL557a",-1.79229305874948,0.0504846524937198,1.75833149625826,-0.745418135902909,-0.836635576898995,-1.72634886476319,-2.74926386490567
"IL607a",-3.7662527662564,0.00855725627329912,2.83664399766685,-0.0846819771066133,0.225955662566347,2.65949309726749,3.242183516888
"IL611a",-1.35329693174727,2.59639845062671,3.76958942423418,-0.940999402830688,-0.873763563377985,-0.696035794491984,-2.80941223930394
"IL615a",1.47740433451814,1.35666241099418,-0.738627451350231,-0.214361638414378,-0.00325322071305869,-1.331285943677,-0.943351607312219
"IL618b",-0.686742827920764,2.28336272287606,2.34122083110862,-0.688059942463025,-0.920345253890824,-0.316594856007376,-1.64348933096375
"IL648",-0.728373886174275,5.20437845307046,4.22867409601766,-0.725730370449225,-0.597607150342388,0.862901024436483,-0.539428723757772
"IL661a",-5.31225003281436,1.25733286891853,5.97709243338338,-1.0768951219844,-0.935590416650867,-0.585013523575352,-2.76101547692684
"IL671a",7.66370728881224,7.9126516444456,0.0158884283300026,-1.33822017244651,-1.47751898546866,-4.16890755547963,-6.81363415876181
"IL673a",3.85803852049668,3.38697632166529,-0.00438232827903968,-1.10962773046969,-1.11409416195927,-0.925413193461066,-3.21781056674101
"IL676a",4.9931420335192,3.52268283577598,-2.03600392340683,-0.568008238300852,-0.313039750563549,-3.03379082345626,-3.62337927200225
"Il677a",-10.3999850118457,-9.06889958510344,1.21930443376887,0.808736796812165,1.30764462325617,6.18680432495847,8.49796183352343
"IL678a",-1.29206806420721,2.72130295489409,3.85145608146935,-1.5539279981755,-1.46021966661513,-2.69079384284946,-6.83704887641353
"IL689a",-0.0760165639257435,4.27458200420548,4.03021267082046,-0.985769550815129,-1.42608328245722,-5.01294136932279,-6.88482899727537
"IL692c",2.50254713574739,0.475883874718201,-1.6998715245517,0.257636061344818,-0.122702335186147,-2.83603715953866,-1.83273220603801
"IL696a",-7.55575986255604,-4.4848955128058,2.46512825321327,0.1487087641634,0.225143664380415,1.67016063308313,1.75605718876115
"IL699e",2.12503587898561,4.13947275714383,2.0157019449855,-0.85273633811724,-1.25004702361531,-3.38296163297185,-4.38712030768045
"IL7",1.89313354224035,5.08310164749526,3.10976723391512,-0.903145453452941,-0.636992266625651,0.6889303548299,-0.254627937610448
"IL701e",2.01475265828434,2.16649186320251,-0.477716224625473,-0.773667123011356,-0.66058592015415,-2.59671724190544,-3.49948310823651
"IL707a",-0.395718607254073,3.32170026455232,3.48500503977192,-1.99968419858404,-1.87668433152443,-2.489544556598,-6.88673782290992
"IL713a",6.18231942097134,4.90721536012018,-1.44948700813235,-0.875919895029348,-1.06698334773336,-4.04277842933049,-5.67680600736179
"IL729a",-4.2466972805565,0.17141190162813,1.95255064659759,-0.677933224526309,-0.52377881358206,-0.866313148110244,-2.50410884866778
"IL731a",-12.3795557133642,-4.68852161970215,6.03445693611041,0.716587119163738,1.04851228285497,6.45429389870508,8.41614625785564
"IL733a",-5.24935010479229,-4.76030815504379,-0.306650086697417,0.557441244173362,0.771697185858519,-0.120391889287354,2.3954384690658
"IL744a",-9.15138701515219,-6.39472227928868,1.6938524301553,1.20006590371334,1.31100935303983,6.17159523918185,7.97014817621788
"IL747b",-6.29052181067346,-4.71331167230545,1.52404318317864,0.730310090452023,0.962411685399364,1.68941775570212,3.44001575399371
"IL751a",-6.23488175241452,-9.74876476532387,-2.74656415501934,0.857908392268345,0.964440965525619,3.5363847766479,5.20538934739062
"IL757b",-5.59885148408961,-3.1402084471267,2.00199136954905,0.501021206496199,0.0529362751041174,-0.662777191948038,0.329323831591033
"IL761a",3.07977623301695,5.61855620181496,2.00306574907537,-0.394631850372184,-0.720565370250527,-2.54146492178303,-3.15478764515205
"IL764b",-9.43826239135074,-4.71288330024508,3.61527217493805,0.965903682517888,1.06100172576638,6.20100960911463,8.60864597643132
"IL765a",-7.37451480732707,-1.88728671803121,4.23846390638474,1.40662548556516,1.05553648503483,3.61171535056475,5.22687953921453
"IL766a",-7.20241145166819,-4.02843713043416,2.78740632280761,0.559607462973996,1.03909768343186,6.21964213443341,6.05110498841753
"IL767b",-7.00478659752387,-9.71330381124929,-3.63519216616172,2.86101667608641,2.55578804576011,5.88595102332442,12.1367412325935
"IL772a",-3.04218237264404,-3.79092990481886,-2.24034867545079,0.86473194567994,1.5365795440517,3.64057068740462,4.6214024636413
"IL773a",-3.72130131761501,-8.86460719109007,-5.02860941297327,1.02108004306717,0.878599769177862,-5.28561184081068,-3.06674550962937
"IL775a",-9.40513122335018,-12.7740786616335,-2.75391623504554,2.18663862448427,2.64697392080253,9.62725648332316,15.3415747929118
"IL776a",-6.37601907139697,-6.25422134789927,-0.690951226450615,2.15094957487075,1.72048315706005,1.5403985040668,5.22181782733621
"IL777a",-5.95721142984407,-3.23399078432852,3.09350564799913,1.67332570525247,1.42828924391812,9.08927337607566,11.9205118580798
"IL778c",-10.0141267861739,-6.05208807222621,3.75021015232875,0.236090163154584,0.495763354625371,4.98815646537112,3.60046112168116
"IL779a",-4.37082665082225,-2.83855153174095,2.230759071415,-0.681430045597441,0.0540216555587911,0.893463386201976,0.735534813752186
"IL784a",0.95094504390747,-10.9236895668592,-8.22982548123968,2.34041883339494,2.58019395727882,6.7511271144545,12.2969467296489
"IL788a",3.56168821511307,5.84111353992912,2.40191885150526,-1.22821501166767,-0.879937207163384,-0.565851681671998,-3.97287045844259
"IL789b",-2.72832764618987,-8.18689153053401,-4.54651950027076,1.83472488799245,1.9684258901942,-0.563597566108569,6.59037513900287
"IL791a",-4.60860506863165,1.66950690776907,3.85803776794721,0.351626762103261,0.606275890336192,5.32740540710383,4.54453200991847
"IL793a",1.09712762220393,-3.38629274606143,-3.89806793769091,0.245740142544745,0.589690112591726,-1.94498999644254,-0.729223255071822
"IL794a",-0.486927165632896,-1.36263015241058,-0.954853824292751,-0.054233726757865,0.100679699256823,-0.0332825507238275,0.472828790459525
"IL795a",-6.8236379470639,-1.92986635534509,4.90689055094868,0.157766204926625,0.726576928635169,4.80559934448017,6.28915248088112
"IL796a",-9.73402117288305,-9.69119412032479,-0.371465218389852,1.78591369344111,1.86661471449463,6.32434985783573,11.0475557573756
"IL797a",-6.60559011910347,-0.934343255554487,4.21771801381271,-0.215880529621508,-0.590185833811841,0.732626867656456,-0.0597447286764673
"IL798c",-8.85558838122259,-7.3906607953659,0.802877294586988,1.22960657414269,1.3542033999845,6.14685512272707,8.81140109901927
"IL799b",-3.97975260616804,-0.656575902648514,2.98282290633293,-0.537256900808078,0.211485746852764,3.85749552950292,2.52688313023086
"IL800a",-2.94435062369153,2.90726257167497,5.52866560806488,-0.555075770693878,-1.04724694691679,-0.683792999990282,-2.25186510785453
"IL801a",-8.27090572745224,-9.70737356224366,-2.21866711001907,3.372143754125,2.73643143547229,4.50235884742728,11.813032369226
"IL802b",-7.52650627689134,-3.45127269550981,3.8635339930119,0.162495100901555,0.374161983864939,4.32250822465581,5.38249269371592
"IL803a",-7.32333234519131,-8.83866469865347,-0.471329876499,1.54200537404885,0.903714558488878,4.77664264058108,6.25432793999986
"IL804a",-8.96641127691851,-2.20255541282292,6.42963224033549,0.103052888745383,-0.558330425855239,0.328216995270467,0.211004668510618
"IL86e",2.62682485330237,0.448540852087693,-1.86548352309018,-0.505084236608293,-0.68030964636679,-1.9612054849495,-3.35047607661989
"IL91j",1.10598773678858,4.77097101461615,2.68091239805113,-0.931982705161221,-0.850143953983783,-2.67723882353714,-3.84438376735208
"ILB5765",-5.43338277565436,-3.04958406474866,1.93447765911393,0.380091862581857,0.532655705937748,2.18628634954289,2.5712766158206
"ILB5870",2.63190437724085,4.34484431049452,1.45502864851101,-1.38277792296458,-0.912327556500017,-2.13665512471241,-4.35940154293087
"ILB6011",1.63919342317946,0.607437133320274,-1.12101331425462,-0.619305336804043,-0.216901359660213,-2.02293049058304,-2.73040776636482
"Ind.5817",-7.94497410713072,-10.3161512588181,-2.04996795309779,1.99026352568342,2.34378225440778,11.982083121257,16.8282555485541
"IP39",6.13382554410973,7.76368587773182,1.11772960497777,-1.65565007943984,-1.78719491851298,-3.84798145317383,-7.3956110676132
"Jubileeex9017",-3.13661624886808,-2.59055609284346,0.0213220520058786,-0.121387629888775,0.0530627502456538,4.47381653578605,3.08247573264693
"LUTHER HILL",2.00076217318107,6.71823594417369,5.07991707382817,-0.80508272683093,-0.359386478629843,1.76656475154158,0.0417977682708997
"M12i",NA,NA,NA,NA,NA,NA,NA
"M23",3.58389744419486,4.52964266349357,0.508476173035679,-0.771825583776169,-0.390046184602996,-1.28308629894715,-2.32418510230945
"M45",3.70647346638099,4.9292557837564,0.504430610279618,-1.16094135552165,-0.766751180861483,-1.51907741162781,-3.93216296454415
"M5",-2.61971751753905,3.83382064689801,5.60574286538887,0.0791618927776238,-0.34039376502002,2.01465389401713,0.879888818019412
"M822",0.0120233988901506,2.7992117231138,2.32469787417381,-0.213711331663823,-0.501855995582731,-1.06447498272342,-1.67699521679055
"Ma2402",0.346474621038621,1.45428444178217,0.113426775504124,0.00920615830681664,-0.00282454656927061,-1.57733276473138,-1.14376007184545
"Ma2410",-2.27667522872009,-1.47094337491396,-0.0769607802865419,0.147314318389646,-0.0379792491694086,-3.11706690311282,-1.70053033789961
"Ma32",5.40823344846272,6.24152723612273,0.100498123186134,-0.974290143964193,-1.14111219675952,-3.23603210547334,-5.27156849287613
"Ma401",-4.2894659932762,-8.58122748108578,-4.42984080473994,1.95791791801957,2.04954732789928,4.21881825398797,8.2801453744429
"Ma5125",0.182321587999012,4.03545827150849,2.7995275855859,-0.568696638368756,-0.616892906395177,-2.62484775368445,-2.87676348522375
"Ma609",-9.77697083807489,-14.9736202649197,-4.42922409616669,2.46805967398361,1.25496537801756,2.1584893808861,7.98994775448015
"Ma83608",1.56907483608321,-0.153945171618776,-1.99506026801963,0.192948271355622,0.325096810562071,-3.06355005814397,-2.39483656103547
"MDM-1",1.23344883583539,5.09530783967349,2.90215658064075,-0.444725651042536,-0.91602997119312,-1.53881090711008,-2.96945100577815
"MDM-12",-1.64671256675801,-1.04769066263865,0.364560569032449,0.323212992701037,0.802818175902133,-0.632897248104689,0.905991808091524
"MDM-15",3.77098045998747,3.12662509770037,-0.987846101406791,-0.552887873377582,-0.0364616302957905,-1.37656472650023,-2.54298224768905
"MDM-16",4.6387031518262,0.287257980353379,-4.94958926865417,0.617776714847089,0.415218181861208,-5.00629519762669,-2.86697984541673
"MDM-17",7.74520452818036,4.46609916122628,-3.12359636065729,-1.02152242327721,-0.951313566225099,-4.04504860811111,-6.89207646036253
"MDM-18",7.64935223953807,4.55945112343052,-3.18127444399779,-0.913919868714833,-0.33940559399123,-4.22468997094854,-5.7688623416336
"MDM-19",1.09280037656863,4.53283062635138,3.43083874494413,-0.500458576438534,-0.616292458539265,-1.78207168390131,-3.04318674434277
"MDM-2",-0.442702425594397,2.14625154622353,2.14222418777204,-0.50913926724243,-0.985916752298699,-3.45345140956942,-4.22388572663062
"MDM-20",12.2722263201728,2.02542878554208,-7.44071522425189,-0.308377472947426,1.02142609484873,-3.95587069167797,-6.16623468135119
"MDM-21",0.354026664954164,2.77477227069,2.4389892733431,0.0454928242675674,-0.143005656024769,0.129350091146777,0.514849917726805
"MDM-23",-2.84916120896013,0.46470264948292,2.52199721506376,-0.497747505208983,-0.307409719868759,-0.581605033291361,-2.05775429268092
"MDM-5",2.02274039819572,0.978509980457404,-1.52555497230846,-0.357385037409384,0.0339572074596881,-1.3200704769091,-1.19208841711614
"MDM-6",-0.679649967908543,1.07793129849886,0.433529365218756,-0.302236920480716,-0.509348523761427,-4.51273427853552,-4.70846639454776
"MDM-8",-0.401753782845653,-1.67025388501243,-1.19833857056639,0.558349381644183,0.653534348226254,-1.70578653194627,-0.0745480444838154
"MDM-9",4.18601040249476,4.186838122666,-0.592314981198268,-1.64336722182276,-1.18719056892451,-4.46310739090331,-7.57845974562564
"MDM3",2.14361886082534,-0.10678752873699,-1.73972089135481,-0.334695321638918,-0.0965978414168976,-3.02347958852244,-2.47779630404772
"Me1",3.81692391069027,2.44625167301212,-1.22272890497509,-0.599773347793306,-0.427559284706552,-2.03496664790934,-1.87655267580474
"Me100",7.13579971619783,5.6049517360856,-1.74149062612264,-0.831808312428276,-0.801261445504119,-3.07481570670082,-5.06864430947139
"Me121-wb",3.81463504584141,0.872949538214495,-2.80627778824213,-1.1930029099334,-0.0571412850895813,-3.83930103768044,-5.18529274299514
"Me123",3.23904106966562,0.37684885581121,-2.65370680310965,-0.142324221257065,-0.0550307999754261,-2.28893787554404,-2.23303037774121
"Me135",6.78903853824413,5.72650483619988,-1.37305634723736,-0.917575167665788,-1.18048294166602,-4.32082185480647,-6.26138909297728
"Me2",0.406539412966225,-0.556161177941065,-1.24060450336815,-0.308051534082828,0.275599562505335,-1.55844887812141,-2.04875372575519
"Me244-wb",6.18574883867196,3.39683833430545,-2.32661280977943,-1.06185550412243,-0.894417273845657,-3.75323908990532,-4.77847003426256
"Me2rt",4.1110840309731,2.01691361691527,-2.16378063563273,-0.713038974214335,-0.611850402206409,-2.39616556617808,-3.69329473646671
"Mo17",12.2914297028876,2.55235980969462,-5.61095857232431,0.306551240261782,0.200519808897617,-5.81325884290317,-3.17420315644786
"MR14",19.3792560634988,5.86915400549857,-11.8928754947854,0.415845683672329,1.21682702136929,-3.00284831695727,-1.64179625654134
"ND1",26.0430855015908,13.4626057215721,-9.78591178328392,-1.10821315307117,-1.08878140455767,-5.54293691475297,-7.89968040286022
"NJ112",-0.251176743294182,1.45066790445518,1.98840262356039,-0.696761338890068,-0.432807957787113,0.69333596441358,0.024821380025994
"NJ116-wa",1.11126415074529,-0.39757417271025,-1.22260779118859,-1.12360792565933,-0.841806237984802,-2.52908150854999,-3.65919668113709
"NJ159",5.14638946896491,0.338174052450236,-4.22850104038651,-0.734555084203674,-0.274414934162301,-2.35089725067827,-3.34454040696497
"NJ618",2.68688935791729,1.60821495773027,-1.18543069617289,0.0678807459890032,-0.149662507403614,-2.74288977150944,-2.28981805590733
"NJ7Y",-4.97719595505874,0.3231816994099,3.98445286191356,-0.30220391208836,-0.489325016780062,-2.08739916251033,-1.96388030266381
"OLCOTT",-0.322753326297849,4.03928005423128,4.04176798624795,-0.243866107677948,-0.414332367500882,-1.67552478372604,-2.81185818534105
"P14",1.34282487502274,2.0224373630209,0.318692355883249,-0.359995250261317,0.191964328903657,1.56874869815971,0.487951502388962
"P35",2.30938645682515,7.73819763443428,4.14531474453955,-1.12706266976777,-1.53310696271395,-4.25535956943457,-6.69060622104352
"P39",3.68928746094652,7.00039642971671,2.67132677458731,-1.47100461515557,-1.49309886161195,-3.51543585511161,-6.99966723527906
"P39(New)",5.857826503541,8.22160595359908,1.70674962125004,-1.56994497428741,-1.64393021835029,-4.48815945081297,-7.85842268892692
"P39a",4.16632878416075,7.43308659703058,1.7403258807081,-1.18640844459926,-1.32759670877404,-3.55197596044095,-6.67571267136504
"P39b",5.93202878432737,7.84817232000907,1.30520235283956,-1.49132031780321,-1.38581384868122,-3.11664215429738,-6.76496584563312
"P39Goodman-Buckler",-2.71273141656697,3.67153208003283,5.96576806330536,-1.49701139040885,-1.30030555274926,-2.01947158377832,-5.34631387809637
"P39Le-253",4.55365660563574,5.92644380967847,1.03583556716774,-1.73354480070402,-1.78616544913258,-3.60330593268566,-7.31684627957061
"P39Le-253:60",4.43222839206957,6.49978717266467,1.32784850583908,-1.44430057603281,-1.72990684872167,-3.94267646583685,-7.51163357407072
"P39LE-261",2.02542168060549,4.79704154869755,1.81269474463119,-0.967710564054143,-1.10293781572894,-3.45940014964754,-5.5019172394137
"P39LE-261:61",2.84765666403033,5.42034521678975,2.10864317381188,-1.29012499096766,-1.42523671698446,-2.93674562296697,-5.92044917812897
"P39M94",8.19210373994704,6.6978002733075,-2.37820211720548,-1.01064692816586,-0.558788042455945,-3.26936609545855,-5.54524165114744
"P39M96",8.63179604592931,9.39495917984249,0.200046054296412,-1.25203208624884,-1.16642836385366,-2.73521284243054,-6.61634523520956
"P39xRp1d",3.25393296379979,7.26629304239257,3.59400960381835,-1.57200854153286,-1.63231487568102,-2.80197623593552,-6.7284978399668
"P51",2.87910088322601,5.12840884741439,1.87323874118699,-1.10221917161835,-1.22319346811738,-2.41024607376741,-5.56333845367937
"P51B",1.45154161355431,4.00472076341905,1.98767111601599,-0.914744707407479,-0.631748858326607,-1.16091134854629,-2.13101591058339
"P51xRp1d",2.26142310485785,5.27774157013665,2.52191340331553,-0.978032155875631,-1.05853516844134,-0.838042042446184,-3.08614349472036
"S4",0.186826804422183,3.5101458952787,3.08426919144544,-0.331891631910966,-0.453719692076422,-1.38139709319948,-3.57451787383965
"S43",-4.9766527555115,-1.56644325400172,2.48508952804496,-0.515226441723381,-0.687146812478975,-0.384784849408772,-1.14393467972422
"SC1441",-0.60835681713179,-9.70549482251662,-8.03929551366743,2.17366040746883,2.69867357303916,5.57009601695322,10.9382815780705
"SC6069",-0.268333061298496,-6.93383205479229,-5.92545541398229,1.1094347981029,0.993627812216223,2.88281856526062,5.94111620390754
"SD176",0.538298551524407,0.354293036700247,-0.451049787817603,0.138125036338029,0.358516147241511,-1.23232074689533,-0.46385208720375
"SD226",2.23389849266456,-1.28328866234877,-3.82028264994785,1.18233617757021,1.24319433203069,0.57456463678486,2.96138226885189
"SD245",-1.58096874812238,-0.520739615990102,0.479877512341248,-0.37813808633657,-0.484057906367319,-1.21287710839747,-1.39714696110997
"SD277",3.43149745111524,1.38569609734125,-2.32784147960341,-0.200579793713897,-0.0133760515433333,-2.90680161128585,-1.81558648277863
"SD42",3.79104653666774,4.04040962378765,1.10447653455204,-1.13095306049312,-1.38808934233055,0.451943801551682,-3.56375455637119
"SD469",2.57453235949662,4.26297370890561,1.07322053743259,-0.782154874644306,-1.07613465949058,-2.52564026769283,-4.72597444904661
"SD592",2.68035072731325,6.77747159627595,3.31777743186907,-0.883314809095594,-0.852201555905597,-3.06310867603656,-5.35274063534189
"SD789",4.18918727427559,5.26236541690783,0.911536657243897,-1.1403647231123,-0.958337417622505,-2.29575952908641,-4.72478087773015
"SD829",2.16863294262613,3.48911770060137,0.657429748815924,-0.355803680202454,-0.426948845265435,-0.855841667964943,-1.50046749160111
"SD883",5.34351075334925,6.70605867403496,0.965700002722049,-1.07308993260477,-1.14433576668463,-3.36493464503948,-5.34516542588786
"SD884",0.692399033262768,3.72141902282677,2.06078744566673,-0.527679449387798,-0.260749126046479,-1.0202402722613,-2.14167819508449
"SD908",-2.30044960300362,5.80419820502704,7.50551668839347,-1.6454079825799,-1.91913127895504,-3.08943430386272,-7.4389474751894
"SD909",4.12767907713766,5.87555852850886,1.41275896881405,-1.03876973946876,-1.58691723839843,-5.20037059141066,-7.66449943706397
"Sm* Sm* smooth @@",6.15962489725727,4.3386701312586,-2.29846389628194,-0.238004300365556,-0.266346777138137,-2.3788147947239,-2.00612752885327
"sm*sm* wrinkled @@",-0.399832866348934,-5.26721095701713,-3.63486802972866,1.0146748498538,0.946352264500705,-0.829295815327081,3.4252189131555
"Sugar Buns",-4.99074956153753,-1.41667829332331,2.24037613939811,0.662593290499093,1.48977239354107,7.3014295951173,9.99396206820575
"T20",4.38155034064123,4.27761641826535,-0.63333422265763,-0.689870328952872,-0.673845859526527,-2.38733780341673,-4.30823745703123
"T24",-5.00365124918985,-0.493224656608576,4.19572709390505,-0.00778901966138393,-0.362093133593798,-1.37883484852177,-1.08427894923123
"T32",-1.92223911030806,1.49755271859502,3.12627880763544,-0.51998741062701,-0.553708285727685,-0.364658135307928,-0.883975224096393
"T33",7.71962736042056,7.55551310574548,-0.191355554042285,-1.40139909569526,-1.14738402359737,-2.85431461403102,-6.12109740279901
"T35",1.00435652230515,2.85939028291002,1.06865817319116,-0.635831763613431,-0.148939654909035,-1.12184996342089,-1.54232940821012
"T625",-5.08970128208264,-9.16732661242551,-4.53560429280408,2.52889641032228,1.72561316973915,-0.381063161969642,5.27910340817995
"T62s",-4.79332953916068,-8.20707684579982,-3.39335532030624,1.36427608207824,0.746359379755189,-2.60641075200209,1.38221318503947
"tropical ",-5.32479165266103,-8.56096719305251,-1.45547514622592,0.538871821111087,-0.807773075253636,1.3851689178384,4.00617471452048
"V775",-8.45783184612,-11.4693633028038,-2.96112113612793,2.39087316074875,2.82173497838693,10.5589002436152,14.8959746011592
"V781",13.5613693969475,6.06235651102187,-2.4982018631358,-1.47954691124247,-1.40805738517453,-3.98466591046784,-7.53931699500031
"VIA5492",-2.40403095220352,2.16217393780078,3.9741758621302,-0.685774177826177,-0.492142113850594,0.0890058479304191,-1.44325011442751
"Vineland576",0.21654710653042,2.722842888981,2.51466927576588,-1.37939895528055,-1.18536245875898,-1.99068280866455,-4.8338944242047
"W1736",-1.44684597078247,3.28849723144139,4.36229089066894,-1.22818935605918,-1.14575099190721,1.43839072413741,-1.12530485951931
"W3647",-0.165488365205096,5.2135206443767,4.05483097448793,-0.79601946894284,-0.753825519541197,0.434003372656347,-1.19486719163596
"W3722",2.39413337990137,-1.72173607678998,-2.04893915206516,-0.640192528652008,-1.19280850255475,-0.294999626054645,-2.63141541549159
"W3742",4.12249920873857,2.81747973158703,-1.55919032722807,-0.87366774359312,-0.668377125400243,-3.88434277624448,-4.67832666835869
"W5543",2.48043311784046,4.41490736703268,1.090212431922,-0.778833348455586,-1.14512587878768,-4.33563631073086,-5.41901861542246
"W5552",-1.13631323986049,2.85456274422849,3.21902662940587,-0.848959420924102,-1.08148174595975,-3.02247959481268,-4.61033660068434
"W5579",1.3204766066082,2.37203186532609,0.645950800659085,-0.470687852372843,-0.735348091330052,-2.90807419572526,-3.74395652821582
"W6366",1.79856483761747,1.36948566535765,-0.726434300073624,-0.734091258141276,0.0332978274902749,-1.51982119922367,-2.48162348569122
"W6462",-1.37801253556428,4.20440219225416,4.98668743340906,-1.0741404623635,-0.622504751374549,0.578390557382741,-1.0152028776704
"W6714",0.0451254453586132,2.93131722908128,2.38416131727463,-0.037589075356249,-0.240744067681484,0.683674719770194,1.05733276453608
"W6720-1",0.295745772940759,4.02257035018074,2.75501006396797,-0.81725217513227,-0.83855186462171,-0.751605489722509,-2.48406939111639
"W6728",-1.46871702405674,4.4640289068202,4.8375064329951,-1.18932556243802,-1.21405161181652,1.22787762049588,-1.51794717526491
"W6757",5.32557431147357,4.42548161797608,-1.77595907656386,-0.743509073831605,-0.739310411513311,-5.30402238391649,-6.55591681280043
"W6786",1.94265332288651,4.64643018855594,2.22741917996043,-1.10137159038607,-1.16431154763403,-2.46279326908805,-4.34615927033093
"W7151",-0.123056642136987,3.22105526083244,2.3132499104015,-0.41321574080982,-0.80723781324157,-0.982341530841015,-1.67023049048601
"W822Gse",-0.466528091518163,-3.38294759725582,-3.15284575877109,1.02413713336216,0.927814329657507,-0.528565915831284,2.63192673611731
"W822GSe",6.48960869883979,3.93535638940985,-2.59045450303224,0.0653771527491934,-0.0775470555361534,-2.2070413412268,-1.61709177602975
"We01407",-6.48155628010454,-7.22826730512029,-1.00072922333454,1.0789261064993,1.81270094330598,4.15716893449054,6.08882308213872
"We02404",-6.30323846241622,-5.71154250401133,0.843467787670367,1.18102558900314,2.05749971368181,6.64390294078462,8.22461600982135
"We02406",-3.50812922777485,-2.68332330756656,0.551730065252951,0.755842535035285,1.52296471265026,2.84796476408548,3.62574494494975
"We02412",-4.59346521202131,-8.21956161958106,-2.69879830260023,0.705436068811586,1.31175514681065,3.42912643354743,5.68203496705518
"We03418a",-8.48171034028029,-10.1956875376646,-1.53690911148579,1.99043298146095,2.19682098447892,6.00002046759281,9.10553465831822
"We05401",-11.2705245303383,-9.92103191457755,0.939233075525489,1.46305049711988,2.08085996408999,7.0447700597187,6.71013659315652
"We05407",-4.80776616208128,-8.92567090294166,-3.22894584670923,1.97914555509005,1.80851414871697,5.16425716066374,9.14302749608113
"We05408",-8.31168144522169,-5.91741911353763,1.28143068187425,1.55785329533371,1.84520027637412,6.53716966364918,6.00095186291416
"We05410",-6.52369998907501,-9.01835504894421,-1.56805536020096,2.06594814959912,2.45574362860688,4.98725910657979,2.72673995346792
"We05411",-3.32763486445822,-2.89554607385462,0.0988945819098489,0.862056119214845,1.05475264330589,4.15520877034392,6.05002886861706
"We06409b",-2.80806983920087,-1.71447401662647,0.303529562167179,0.346291358826366,0.561818172328314,1.67840736416772,1.70666515802445
"We06410",-6.88553051667879,-7.63331278323185,-1.20685680110675,1.44025567332808,1.70636762387445,4.25584032144622,7.87296233642422
"We08408",-0.429997084198756,-0.784925872484289,-0.669107987844261,-0.428653924318938,0.434870548449307,2.62352263703648,2.46875693230874
"We08414a",-3.62717924776337,0.387159569269562,3.03629660428423,-0.638811038009774,-0.394010948800913,1.69910776338418,0.478296246209868
"We08417a",-2.94873887774108,1.24329537239143,3.5110825378995,-0.325327930149264,-0.465140098947268,-1.86366258399783,-1.91967203074356
"We09402",-6.52246553945015,-6.12248281488949,0.0715538601992955,0.856505854967241,1.02256987583249,4.80653835334407,5.49408956588747
"We09413",-8.04162440819793,-4.51662070902245,2.60628223482449,0.548592646879095,1.05599959514417,5.98654484369275,6.84192931890665
"We09425",-1.68022312153087,0.873973050959159,2.57124046504768,-0.781270409632631,-0.345594274194137,1.31131248513326,-0.264693762312032
"We10401",-6.06586303167183,-3.03439259541376,2.39757357418494,1.00553212863253,0.71258565853257,1.01736837291554,4.0033136844345
"Wh04036V",-3.46263315265185,-4.54106330677027,-1.00203122960764,2.16484846104479,2.07712430584001,7.17957911273624,11.6207044179669
"Wh05066a",-5.85580580724481,-14.0255637828674,-4.75374581479816,3.18780974078519,3.24533237754626,13.0287512976063,19.7749695557563
"Wh05070a",-6.84688467481451,-11.8425810163719,-1.9355746457319,1.21922333941215,1.72174759998317,10.6710605430347,12.7327804076235
"Wh05081a",-3.80333443749553,-10.2399114225299,-3.65407621133713,2.54382980061863,2.43614617440012,6.24394802844995,11.4194286263014
"Wh07013",-9.47459260969466,-13.7229263246878,-3.10486488931875,3.30868043912737,3.29584688496927,9.14365447790437,16.1406514497099
"Wh07020a",-1.95824139882521,-7.88393769480447,-4.25653409229392,1.99644964367833,1.83830591681697,8.98684999589038,12.157135802727
"Wh07061a",-6.96227981129952,-10.5763752507686,-1.84763089718679,2.21520262534594,2.10040423040524,14.3790874851439,18.9969854831918
"Wh07166R",-2.40853570934228,-7.78707603888446,-3.48510239488412,2.53744532877622,2.49106687268961,4.36649623500846,10.1244983117586
"Wh09009",-5.64352312931304,-8.24443316708784,-2.29433605551841,1.7395384287449,1.66193018446705,7.96494032245511,11.7950079119223
"Wh09068",-5.42341673992677,-11.4151482763837,-4.03112537245849,3.4380070347148,2.95542003492722,12.5154027957741,18.6464444755494
"Wh09083",-6.78007128522567,-9.49874887163653,-1.89296347823241,2.21182962230859,1.97254606710983,5.27003409602234,9.51489677077082
"Wh09117R",-2.52705628426239,-8.94349413656512,-4.31731627194254,2.00901937688196,1.36218270832686,12.2037277600591,13.6929463604964
"Wh09137R",-9.77989182921532,-10.5842938441123,-0.877801323277173,2.01003580196316,1.249344997295,5.93650542965701,9.33971174179825
"Wh10035R",-5.99479975460619,-9.66313361974797,-3.04836100683156,2.48963563899823,1.69718810612787,11.1258812925645,14.3153013476713
"Wh10049R",-7.27336314707381,-8.43842989548126,-0.918129573333718,1.55666461416646,0.983558954237668,11.587185410922,11.0842095185768
"Wh10140R",-1.17322108884148,-7.79803650789731,-4.10584007177297,2.76287268695854,2.65763247251847,7.20850239544823,12.7680047161974
"Wh10173V",-3.572549952286,-4.92138129884085,-0.936341291653283,0.296438252537748,-0.270804879425042,0.360496730324291,1.22130687661064
"Wh10216V",-8.18509700024211,-10.0905664894468,-1.57528135744675,2.56416076036104,2.16557872818602,7.01012827193239,12.4042101364621
"Wh10804R",5.28854123649474,1.79880557857638,-1.85918129453836,0.102898133180101,0.274713170956105,-0.541013068165076,0.88129547921102
"Wh92047",-7.64595947773392,-11.9835209955111,-3.25276660110154,2.07932705550741,0.4336034055152,-0.183239917959816,4.28304705131506
"Wh92054",-1.45060350319548,-9.70288509005223,-4.55265006196158,2.89239858303624,2.82506801341315,3.2541551271319,10.3350432747707
"Wh96011",-6.69028389505048,-10.9894710565861,-3.55215113940341,2.61540890900782,2.11967981895655,8.39006765326304,13.0427636817261
"Wh98044",-4.8721685245503,-10.0385772574006,-1.60044083812972,1.0989079229572,0.508960363255861,13.4960010952616,15.0134881871225
"Wisconsin_se_tester_sese",0.693642832703566,-1.36598580974573,-1.75742805480738,-0.028238908543903,0.355758590340269,1.51300222578878,2.71218765277199
"Wu00801",0.001628028807084,-1.34395848190743,-1.53325633155067,-0.180480285262441,0.166124868748916,-1.0016041795827,-0.801871052298246
"Wu00802",-1.80702684735661,-0.000714180177477493,1.0730834163586,-1.09375910679918,-1.47557577736154,-0.399767302411697,-4.21737596219307
"Wu04401",-4.94985796469183,-2.90707003939442,1.86897786410532,0.72677611795853,0.938880041335366,2.09490661832882,3.37799438443564
"Wu04806",-3.61041336946434,-0.718729992651665,1.86556584185771,0.203626380064956,0.328251408748594,1.08219660677699,2.58947154320711
"Wu04819",-1.18733101571951,1.36269693761555,1.2627099913902,0.0526187797136447,0.220870263066065,0.0678749692325646,1.54985278022983
"Wu99811",0.327199131656557,1.42035910913923,0.854082848424736,-0.29675177507023,-0.656876575610265,-4.82443240333228,-4.87701586890176
"Wu99823",-3.4429369176841,-1.13403409047142,1.44662653228486,-0.719612025740097,-0.349186911945745,0.443839481991169,-0.701496210024902
"Wuh07177i",19.24809321843,16.3560767779701,-0.918355927061072,-0.696156736507545,-0.640996766895995,-5.27211536422314,-10.4632573435664
"Wuh07413i",-5.84285892006687,-9.46797494180689,-2.89267165226235,1.75855677732894,1.15849013148899,5.08652734952381,6.59536264072795
"Wuh07422i",-5.52698515095022,-6.41699221672577,-1.09490228568202,0.689398258132704,1.02793873537056,2.42901855117539,3.60993267861607
"Wuh07429i",-0.882624248041457,-1.52760083425218,0.287398896237315,-0.272747167194578,-0.634153598734918,-4.73051881009283,-6.63786836848967
"Wuh07469i",-5.13509979121308,-6.88635866881752,-1.45044198484683,0.409352876406377,0.376736522896446,1.63691414700338,3.80353500789046
"Wuh07481i",-11.2695587190237,-12.1607352839878,-0.788328845636185,1.69383794878572,1.49202677894928,5.51961071326505,8.12808610725751
"Wuh08127i",7.27177660873612,-1.87694765636785,-4.38450339194635,0.835642536984869,0.893597822863471,2.95753381176889,3.41819576967328
"Wuh09093i",-5.20941740877034,-9.72162205645902,-2.59222462220226,1.48184517638798,1.46500633380148,-0.843350472356672,1.18375313913374
"Wuh09097i",-0.802827231924564,-7.81170828926692,-2.94989222134547,1.46436772734875,0.0322613945310846,-6.81515306360423,-6.17886424004398
"Wuh09144i",-9.79360436170405,-12.0810289678239,-2.19744545098738,2.27495477775065,1.61798177936659,6.99437103039931,10.3635866679972
"Wuh09149i",-4.29340324188435,-4.97600011397633,-0.800154575565201,0.394342006834258,-0.2157914487433,-0.304428093324416,-0.25659657788921
"Wuh09150i",-6.82971182612759,-9.10117389937905,-1.75518985145595,1.48298311419507,0.859545891858793,2.9779111557294,4.88468575522875
"Wuh09153i",-4.36738310072732,-5.85137173552644,-1.34580159669504,0.976278148098973,0.315603839001372,1.58442537234145,2.21521585753094
"Wuh09164i",-6.50508492247118,-12.3238916202904,-3.69289286785825,1.17214886778019,0.961747374842351,3.78727879825114,5.05373429826558
"Wuh09170i",-6.60024602681389,-11.8648824248351,-3.66412575812282,1.80344872810508,1.01830659842148,1.27962550726494,3.26465132427571
"Wuh09174i",-7.28452704955649,-8.15529140618842,-1.50392079215717,0.831583050627056,1.46314994541371,7.02289093876283,7.98177731810433
"Wuh09188i",-9.90895799111309,-13.7320559907537,-1.26397615859809,0.609479350835468,0.339835534265874,3.69922653181841,3.97850884022826
"WVG3",2.22423872350653,4.06264440959723,1.87676465710373,-1.59025015399654,-1.4002932179903,-2.93419675449919,-6.14407646362448
