"Inbred","Starch.BLUP","Total.Polysaccharides.BLUP","WSP.BLUP","Glucose.BLUP","Fructose.BLUP","Sucrose.BLUP","Total.Sugar.BLUP"
"2",1.33993579843638,8.88322395995399,7.63178313655018,-1.0250279738654,-1.43515403126867,-2.88640647886876,-6.2691599167493
"257A9",11.7247795287866,8.88592470938475,-7.0714116286686,0.552130220069619,0.588902158771385,-5.30018553424501,-5.20716129126775
"304A",-1.76805320434126,4.91092500054582,6.5684082352499,-0.657173098804913,-0.9674630805654,-4.68059637748701,-6.72233825783638
"34f",1.34458247602861,-10.7311487176693,-9.16173867410857,0.688766550921506,0.710327067848909,6.64470383893215,8.75655916300867
"471-U6",-4.44676139748107,1.37522722607916,7.21871649151426,0.170985893839119,0.46664178177317,-0.0603673090537268,-0.70369904516759
"675A",-1.27942779344202,-2.27775657543911,-1.95157730527795,0.825451115407786,1.20026922557611,-2.07742040585306,1.2530157187858
"81-1",-3.78276782740243,3.52078381073723,9.7204663019231,-0.345498851787019,-0.324669226125904,-0.51757343293043,-1.79289484849347
"83610b",-4.70026408786405,0.160767938117161,5.71640081997185,0.454882808403325,0.182382558224889,0.262305513160662,2.42038417794982
"83612b",-4.12721567737732,-0.228465107484092,4.87069657896735,0.302887519242409,0.697420215305382,1.75067602770625,3.09752600431803
"A10579",-0.0448375251010385,-1.78889414467662,-2.60993359695816,-0.104442159404139,1.1864410867309,-0.306596459112689,0.762024565711684
"A15",15.563379114535,10.5168258634968,-8.05435363834967,-0.315743313210036,-0.218493060818575,-9.23545934228407,-8.72290185872794
"A632",10.7883347920341,4.47073608308165,-9.90123183347749,-0.321582227096716,-0.320181843957979,-1.00915680042235,-1.75977142886798
"A648",22.6764684427009,18.5213104124277,-8.78296662194538,-0.481580125896461,-0.415415280167638,-8.36035991450699,-9.47208031774644
"A684",2.435311395397,2.83332273018005,-1.25338171642867,0.126602523929217,-0.365362189952823,-8.29980106763815,-7.26900676868324
"A685",3.94631386184788,6.00633942417967,0.304591920141518,-0.505757185138819,-0.639169368045309,-7.19673801995244,-7.58747086322092
"A686",3.84772924498383,6.14114217134182,1.55770729836412,-0.828905752868156,-0.732869931833955,-7.53143673330883,-8.54902753682497
"A7",22.5548956727291,13.0549696312195,-14.7859728703047,-0.235912106760381,0.265363919662,-12.5728635933681,-11.6851898396011
"AS11",1.01610987811458,5.54126562785357,5.26853789830746,-0.554292874408598,-0.430211879082219,-3.39377633176751,-4.91819631357098
"B5765",-5.70554374283435,-0.269152019893378,6.47184502722832,0.213697400473628,0.0913129990623433,-0.321336291189774,-0.865925851177526
"B5870",3.66704873623412,4.48462268765822,0.975375398301386,-0.55948175205109,-0.691324289892464,-4.70171855565883,-6.2107576465313
"B73",11.8154187899218,4.51150635158185,-9.46006118961027,-0.369603744739289,-0.393117389969042,-1.09087154830517,-2.03344644846186
"C12-1",1.82636587427137,4.38533480150699,2.20378658348167,-0.139169647145332,-0.243246169233461,-5.00635590721233,-4.91340130339369
"C13",2.57416284516096,5.99647957459667,3.23598435098765,-0.362992101584808,-0.887912263490999,-7.14826701052124,-7.85836550336179
"C15",2.42540664001581,3.58698613931752,-0.777491788493685,0.175043499335894,0.186647023139191,-1.58210245151697,-1.03249914118337
"C1540",14.0648233114285,8.34831179406986,-7.98502216458782,-0.811834897381952,-1.00046276664304,-5.84861115792497,-7.95092967151991
"C18",-0.665117909082285,5.67121094811313,6.93583180624329,-0.859613023553434,-1.08556869732499,-4.85791752898718,-7.03190789929547
"C2",0.0281893480563681,5.40320217853767,5.46787249687035,-1.07659150632555,-0.662224316377095,-0.922293101318191,-4.3381908539375
"C22",4.27764070584789,8.03776376777101,2.56409541207915,-0.80961898898666,-1.13564488722616,-5.15217413612387,-7.23992179543663
"C23",0.507500865898402,6.61688091109195,6.23407864123853,-1.20501903204302,-1.22667402213572,-2.5680671973588,-5.93355800273144
"C27",0.395571713658435,3.19065478750454,2.81034734504164,-0.172808950143212,-0.895733600382163,-4.30493320717335,-4.74674951064819
"C27red",2.20448557590868,6.09338236611611,3.90353267352465,-0.905867688424681,-1.40238173500352,-6.62747855414768,-7.81282319683292
"C3",4.46041225523289,3.25177112600077,-1.56172192551326,-0.484475167786084,-0.475202823370335,-5.17621282744234,-5.35860086748887
"C30",0.748401559132476,8.44400294468636,8.21281326379974,-1.23502932492408,-1.69642575145587,-5.43007158126187,-8.91276168023968
"C31",3.24422356247496,10.5393228472213,7.93847742755867,-1.89127178614325,-1.94953598292959,-3.68214018583073,-9.04165110535871
"C38",5.12033023350059,4.00947902926738,-1.97230515924091,-0.353988541735015,-0.786677742866155,-6.47122391440461,-6.44033721068472
"C4",5.26832471495685,0.0966270361341729,-6.55648883113456,0.494962311634803,0.72238902264623,-4.23118648732543,-0.923685966089512
"C40",0.0990490102074286,-0.414234649714047,-0.908333746131911,0.6524461237879,0.531781528406734,-1.88218292960409,0.533425875680018
"C42",4.98087741923397,11.1713308157376,5.63860710850568,-1.03176011721137,-1.62422955200985,-5.05184339095854,-8.31643408540144
"C5",0.164631788060998,3.63060004463591,3.48059051154382,-0.379194320531966,-0.500176263371683,-4.33230113389482,-4.80115603485617
"C5-NT",-0.252752044706093,-1.46702859089093,-1.33868677625425,-0.138770108811557,-0.224332734832085,-5.04040252511552,-4.45412078793895
"C65",1.69475661137895,7.01177856469977,5.40687258294737,-0.772966812737136,-1.29196594012326,-7.28900285843635,-9.60696993190207
"C68",2.06462823004105,8.18840727734091,5.88838954297341,-1.083449397161,-1.34901475403594,-7.25769092050437,-10.0727622827575
"C68R",1.05357134361839,6.90210080622378,6.67262194223313,-0.513992219576384,-0.986961672718659,-4.66111305813619,-6.24488440941357
"C6A",1.42634118838971,8.44273831649223,6.13134941070851,-0.534528259341184,-0.688860148379234,-2.91602581175825,-4.04323651762565
"C7",2.02976438503166,5.87378885339041,3.19535598184708,-0.260556611365198,-0.57794277279334,-5.36790165172735,-6.35282104799773
"C7e",0.859684494654192,8.50550178523545,7.69297269731584,-1.23307036516792,-1.4920945924106,-4.45400182263371,-7.32908592371173
"C81",7.81607905004702,7.71557276008308,-1.01295752501137,-0.936573689393624,-1.03100106990749,-5.68035679504331,-7.98639554257681
"C8p",6.85894567660998,6.70241542454914,-1.72686197062266,-0.21054431827597,-0.00299966799763156,-3.41507784414248,-3.79535108257129
"C8w",-3.07981204076321,-0.800921560570371,2.2113610188889,0.751291079658979,0.0589108135701491,-2.49447441080268,-1.59136870963217
"C90",0.951504568356528,6.50587530713418,4.41052788963024,-0.254350294361289,-0.191151664584312,-4.29311731819951,-5.09816045122009
"Check1",4.30107985500825e-12,3.1362315858877e-10,-3.60206109872765e-12,7.49120563426205e-12,1.46210344835156e-11,-1.20356545883908e-10,-1.26636639280892e-10
"Check2",-1.08378826168207e-11,-1.42321426048552e-11,-1.16294133571355e-11,-8.52571856699486e-13,1.2964405982112e-12,1.42834949511627e-11,-6.49516930942306e-12
"Check3",-1.37051714911213e-11,-3.74009863598238e-11,-1.43642015725872e-11,-1.44750955242324e-12,2.35063467418919e-13,4.60131963918541e-12,-1.09254564985484e-11
"Check4",-1.65909558518755e-12,2.93767417789854e-12,-9.19945319890456e-13,1.40817275257104e-13,1.36781016376329e-13,-1.01584532983924e-12,-3.39200458899928e-12
"CI540",9.47788542275932,6.11254350586192,-7.657646942663,-0.113596459279945,-0.546904541868176,-4.06527157383835,-4.90748047104592
"DF14",11.8804809490336,2.91711473411867,-9.17383771955573,-0.584875392200763,-0.427648505181588,-1.47981853745322,-2.50772326713069
"EP58",-1.10039779596215,4.36536371588456,7.02025911706521,0.122657744564614,-0.73821333708053,-5.66416701418112,-6.69005641109238
"EP60",2.80062684040482,5.71778460395207,4.97825935448241,-0.340355908932236,0.0134937542263031,-1.25288152445966,-3.6534305624926
"EP61",-0.224462156435018,1.26528472524141,1.37833530430926,-0.0826499344322816,0.20693580300146,-3.38595738846969,-1.95813383330842
"EP62",-2.51755885821153,2.16857518958199,4.91938097277579,-0.767137481127506,-0.702731897104356,-2.16869814737419,-3.23357263022723
"EP82",-0.939289482654519,2.63170238816778,3.75963044629439,-0.904457667755422,-1.20724739871347,-3.30450168141413,-5.36706073298826
"EP83",1.41600141682871,6.14572653010089,4.99794330430863,-1.20164161080964,-1.20267950302739,-2.70680138436461,-5.67583822100127
"EP84",2.14576071267366,-9.43773596605417,-9.6736286142859,0.472946038595927,0.784541833815487,5.8003296571578,7.4655762182237
"EP85",-0.366577277806344,-11.2090885929793,-9.76544307994814,0.66562095727343,0.949234176375574,6.70194945582241,8.47483523254526
"F2",1.69714787511808,-2.80992116174666,-9.03233937820164,0.978793662213021,0.754268058941502,2.86108399657826,4.8508131499957
"F7",3.92834249235886,-1.60409982585435,-8.45089311412323,0.833666050152892,0.464779512696347,2.28515737421147,3.92296079003311
"Fa32B",3.44813682940602,-4.83477134796978,-8.71357797654223,0.406025062554947,0.288214554595105,3.14236812438058,4.19411112531984
"Fa56A",8.63063512170928,-1.44380359061028,-9.90853472476672,-0.262915486451613,0.00306476444384581,1.66641512675932,1.35237016265254
"G8",0.563330306461141,0.913392620582255,-0.164365540865303,-0.101994652575428,0.0744210303899602,-4.751869917017,-3.10897692170731
"GMBAB",3.82742053863825,8.05433255237712,3.99654375436838,-0.940223927056006,-0.924293897807724,-2.2635721336293,-4.56674912675078
"GTS1",-0.103075528063633,6.24500910618858,6.82720169315611,-0.746365125920383,-0.821815211987962,-2.45515844562549,-4.67565965782132
"I45",-4.033579251562,-0.846745523903401,3.2254700789321,0.277333902223126,0.479868856737611,-0.402544820443069,1.27737714839
"I817",1.22727322995198,-1.35246111452927,-2.67230990469117,1.0129554429051,0.595105934539522,-3.75417208692732,-0.735538909451362
"Ia2003",-0.470942232376345,4.36279987748177,5.28236241249578,-0.256080701556227,-0.534285572679933,-5.09896381559832,-6.7955623878507
"Ia2076",-1.79550788839312,3.29784670467145,4.76937549720583,-0.158109508360773,-0.670025782045285,-3.73530097349725,-4.27906055989403
"Ia2132",-0.0322303948127771,2.84722116770357,3.69264011307296,-0.701011044535866,-0.769505008373029,-5.27113001227508,-7.06300262592029
"Ia2256",0.449452944967066,4.80715704537938,4.9931670076252,-1.30193307759393,-1.13263953503267,-5.86694176235397,-10.1425470163229
"Ia2256B",0.651033830853957,5.04689130512731,4.97019201041625,-1.42357175719129,-0.793097615293659,-4.0752393488453,-6.85007206828634
"Ia2730",3.81560935476683,-1.92357856141978,-7.66649540962359,0.708226496128114,0.779532034889923,-7.9963336962195,-4.25922799848273
"Ia4189",3.17345377693989,8.59565179985035,6.20150938542993,-0.660963565191945,-1.39439231908366,-2.94890049637395,-6.8741057772682
"Ia45-1",-2.18787093876592,-1.65786168173666,-0.373500134998602,0.535681356657805,0.897827643170146,0.0827302767495399,1.54397045609622
"Ia45-2",-2.99611417055363,1.89189948711643,4.68491059023407,-0.399103431194654,-0.361454084649675,-2.75874478659822,-2.82680021799755
"Ia45-3",-2.66510485987648,2.53249250578486,4.79409790744012,-0.127402191277775,0.0229848404176287,-2.87604321362851,-3.60188755407055
"Ia453",-2.37775274260606,5.55403448328142,9.00974491260082,-1.4531937407944,-1.50959140137685,-2.6324038425388,-6.28470838968575
"Ia5125",2.78033782279016,3.36257344027704,-0.580434329628099,-0.192034484363103,-0.125571062724579,-5.72658280250752,-5.93495163581485
"Ia5220",-3.17618174146206,4.22228754037245,8.88502861681529,-0.690955380799127,-0.50053054195762,-0.585194263873447,-2.70091670605962
"Ia5261",0.0217107261331959,8.41572320567387,8.84811664888946,-1.26400612279494,-1.59913350493218,-2.7700685529459,-6.75151192771003
"Ia59",0.177111702434545,2.95602308107197,2.89366132986781,-0.247509069305966,-0.03138544063074,-1.06359304544152,-1.32754511752842
"IaCG4189",2.99003772645379,8.46866672184603,6.45739661779754,-0.67157727593687,-1.37001950258749,-2.97814464936148,-6.35660527717138
"IaEV191",-6.24149423419386,-1.93311825947894,5.63144504122432,0.579678413687715,-0.0433278880544838,-2.95207544824686,-0.816416400055038
"IaEV3002",-3.26722622146926,0.0586368751900527,4.67930165632365,0.531883488679526,0.108400280954443,0.0215865426869965,1.13504434392896
"IaEV3004",-2.75037933419611,4.10210977695436,7.95622191379474,0.259801897290173,-0.380805218515216,-1.40004496535006,-1.57615986562319
"IaEV3015",-2.92360010613227,2.30052912610268,6.18291809118377,0.868256984229411,0.3141172047524,-0.438465267692134,1.086526860421
"If825",-2.10983980867153,-11.3247222684771,-10.5029649077334,1.19222352440101,1.3060244575111,8.12774768887135,10.9722026324537
"If853",-1.37464872256834,-10.1999938339475,-10.1206771702583,1.09763599645692,1.06925489261354,7.99842323601588,10.8028646139073
"Il101t",2.94560053619409,5.42462324493227,2.04462470463712,-0.806961403625155,-0.677269919177942,-4.08871100419897,-5.76829452897218
"IL103a",-2.31879597596725,1.94208380372602,4.18250045178742,-0.307770673468001,-0.361523401536449,-1.78119833304425,-2.35002596970413
"IL104g",-0.26946789004947,5.46443740750172,5.70986600610433,-0.758685750963574,-0.884130530771363,-2.22595568124302,-4.52440879414171
"IL107a",-2.20934541938977,4.65342700724099,9.38004378366814,-1.74270393762672,-1.39980829386432,-2.92159496903911,-7.2005542700994
"IL110K",10.2570303444228,8.97755497757258,-3.62140844947231,-1.0313184772263,-0.829117411269723,-6.5246491322284,-8.87660566340488
"IL112t",0.263493200124824,5.40097084837637,5.36333079736909,-1.3221119158917,-1.82333423292961,-4.98876584803443,-8.44664751741726
"IL1171",-0.522741176615346,7.12195008417141,8.6120183604793,-1.06569858440419,-1.27002036460142,-4.05884619766882,-7.12291008132395
"IL11D",-0.808318562985573,1.14460832772304,3.27275229934519,0.457624912271815,-0.348761175821277,-5.0589358111166,-5.48804694543183
"IL124a",-1.82390905756373,4.57601152377396,6.52749412384009,-0.247155448244253,-0.55905096048049,-2.544428896566,-3.91205324946226
"IL125b",-3.26926689740501,1.97874656200261,5.84333099780494,0.129421972085461,-0.0761045637527274,-2.64784595695991,-2.37372500057365
"IL13B",-0.575889738817643,6.37065195549151,8.43764258670941,-0.943270311833434,-0.924290262219624,-2.64330786688867,-5.7216562693034
"IL14b",1.36369501714129,1.15980170636493,-1.10356584949704,0.208200061328179,0.723236299362757,-0.434027605932713,-0.959891938487656
"IL14C",-3.46396266845577,-0.125696304556787,3.98615338121441,1.39621013612249,1.09333128708516,0.673978839924257,3.76756735547145
"IL14H",-1.35604477704581,0.604429428568156,2.50012983245005,0.77831069514764,0.576281644254939,-0.520505169978229,0.887670719741953
"IL18b",-4.3784161387509,2.47583883844248,8.71105314493139,-0.00987825453473219,-0.334920089515541,-0.986156918243003,-1.44140286413526
"IL200e",2.12064751055641,10.5418153173729,9.70304150771141,-1.31691406050837,-1.17496103023581,-2.52174837615215,-6.62931655224863
"IL21f",-0.171208881785377,5.64551938474391,6.8286110970316,-0.583505878629514,-0.506775769298726,-0.175620728153069,-2.75945209711329
"IL279AxRp1d",3.18308237606561,0.732166058013217,-2.83130568909386,0.574087377196386,0.741440970730308,-1.91233538533689,-0.423728609077529
"IL27a",5.07176091749916,1.3451648420893,-3.5964351010591,0.535688123798628,0.371171469959747,-3.4013822585912,-1.18217100559205
"IL303b",5.84478234925672,9.79571278507167,2.67155143206288,-1.07889176656466,-1.20125543954099,-6.00135475935267,-8.63389190399118
"IL318a",-2.30748627196164,3.73254334439519,8.74404461186472,-1.43514736565224,-1.83566006116851,-2.49109942835231,-7.55091199030451
"IL31a",0.463973847041479,4.26918481197274,4.84053561938754,-0.50536050212938,-0.824878520365306,-4.49945227442997,-6.06365711804638
"IL323a",2.91386439947069,7.58836567863371,4.74810780534111,-1.02038976206593,-0.862627792548722,-4.40990579449646,-7.13285498681605
"IL325a",-3.51913185471011,-0.392530669404504,4.73907822698775,0.684406113224646,0.0257535824881327,-2.65984977190487,-1.60885313529617
"IL328a",0.195904619029912,5.51211501910033,5.41000857811444,-0.494821101281956,-0.324132920913387,-1.22836211995728,-2.34254150527416
"IL354a",-2.84474396115829,3.06307601581844,6.40975822911905,0.597312223868369,-0.0729152123851666,-2.309001213102,-1.79067074758448
"IL366a",-0.245144896050406,0.884102020433214,2.87883182017278,0.390645002037263,0.207944726293985,-0.25904753304128,1.69289758169478
"IL368a",-4.65113134003956,2.52056300471163,9.07988224954648,0.0132394475248969,0.465131557901479,4.98357167762526,4.2511698678976
"IL369b",-1.17720167003317,-6.69063383076831,-4.74217266311587,0.970898121352503,1.40567496844203,-2.27832293021999,1.51843286153718
"IL370a",4.80898567348494,8.04966718261959,3.32782102453665,-0.545781009227553,-0.104995114376434,-1.5337856567676,-3.99758227436443
"IL393a",0.637448646324988,5.71927513246008,4.78762703257965,0.0617615762255575,0.140905905344825,-2.18786528965469,-2.76420214567436
"IL395a",-4.87673435564981,1.26997740988255,6.44977944831559,-0.0265527775190126,-0.635575821304282,-4.27806877496338,-5.05203203601561
"IL430a",0.418833021331516,6.2906100742817,6.58270911076076,-1.35012924880931,-1.54920969499276,-3.7219694408846,-6.96461094296805
"IL437a",2.19894095388208,4.66955252625067,2.75945272605356,-1.20626625017361,-1.36226192819923,-6.00157379603535,-8.36726340523031
"IL442a",-2.23420407501967,3.67526072814148,6.42864372209998,0.0717556791703389,-0.255819829992979,-1.44663972535452,-0.912291711175166
"IL44b",-6.80850692801373,2.50448585395615,10.9386488124788,0.808536983813302,0.674287651048504,5.33291694545782,6.66863287399122
"IL451b",4.59501730287671,5.24571710427928,-0.144018611028003,-0.815927905086487,-0.915495093916669,-4.56690126358342,-4.8670557859833
"IL453b",-1.80052413459192,5.93535754789961,8.67917371959503,-1.46330136958937,-1.52099162983048,-2.55057793285645,-5.95635582548609
"IL454a",-2.22662446393603,1.8853166174994,4.67972308747225,-0.724324219411512,-0.804293533070364,-4.12762196446346,-6.09671299169796
"IL465a",-2.11593919018211,0.313522254180677,2.75766699712401,-0.241747393457233,-0.448392485477712,-1.62448810110149,-2.26160610223389
"IL47A",0.324623446207455,2.09414862915579,2.00090427963059,0.278994674684293,0.356619719962835,-0.585600888861834,-0.490743879800722
"IL515a",3.72163836632251,1.73073805306018,-1.85598298773322,-0.350392392722993,0.0395674990350645,-5.08361068389079,-5.23547616660671
"IL543c",-4.4196350647197,3.38742230399133,9.19657743591106,-0.653119770013636,-1.2945336655608,-3.5409706734136,-5.90505338490815
"IL545",-1.3846700337092,4.82156639063577,5.95977715944776,-0.465390555299204,-0.728219089948943,-2.68778710124722,-4.01852608575022
"IL557a",-3.03115154768544,2.06871725588759,5.61506786908309,-0.664427581706239,-0.93042641516692,-3.30004862927735,-4.66761499029084
"IL607a",-4.80877667029399,1.96985932180535,6.95480909641272,-0.0588453563728451,0.113629006447659,1.03823464731649,1.38832469485397
"IL611a",-2.06942474858507,4.66179438862881,7.80712877535404,-1.01422160196783,-1.00463369154723,-2.72085712189776,-5.43753550152726
"IL615a",0.357402635188173,3.52958540978404,2.61512459387417,-0.24621265442652,-0.131980550479423,-3.26084654114213,-3.02155929389786
"IL618b",-2.46665243253078,4.19827315047048,7.15674847419022,-0.399007968413044,-0.915741132698338,-1.36028382701096,-2.47086708099032
"IL648",-1.40096370909799,7.29329087314294,8.89918887581515,-0.743050586915533,-0.706899394277688,-0.995428045653524,-2.89140671467999
"IL661a",-5.84473838469823,3.44205797415174,10.7015117366185,-1.05249175211182,-1.04839177107529,-2.51165643340313,-5.21863686831001
"IL671a",6.02896898777407,10.0726661099537,3.3750769967017,-1.230707097977,-1.58579735459346,-5.9081852733991,-8.94894398183448
"IL673a",3.19802994153929,5.198947660228,3.03763339932664,-1.16088571804634,-1.20469802296968,-3.07698135017132,-6.00916715239733
"IL676a",3.6890850321995,5.80742108849982,1.07686173411395,-0.601478736983542,-0.500058406138873,-5.03370563388009,-6.06324352686531
"Il677a",-9.09080264649664,-4.79433152867524,5.27098397990502,0.608185912174738,1.04937153230757,4.03492736225283,5.76987674776489
"IL678a",-1.97581871593963,4.64301892563514,8.02791057948161,-1.5693455454465,-1.62532436796212,-4.68376598107226,-9.41763694540673
"IL689a",-1.27297565402703,6.25497890598009,8.15860563622345,-0.854881224070199,-1.55873958619372,-6.53560260315206,-8.61022680013597
"IL692c",1.08473103939792,2.34570764932202,1.38645438108357,0.229087472230951,-0.214735093993054,-4.46377933490764,-3.84911284583144
"IL696a",-8.17314828119454,-2.55241608852874,6.36537982065318,0.134496227048156,0.0799295995832384,-0.0414357292275576,-0.375131935201281
"IL699e",0.535456598442714,6.02061128088827,6.00649013427716,-0.765910054172082,-1.30894921769871,-4.99914879240587,-6.30452852780976
"IL7",0.431411918232969,7.0107270075117,7.41334377253233,-0.801605635825823,-0.690465158051994,-0.924638614521643,-1.94955952407388
"IL701e",0.407494604524136,3.91546613806847,2.83602336369576,-0.670135787575421,-0.748060696216308,-4.23980619788031,-5.32954927889901
"IL707a",-1.4725843590418,5.53969770780682,7.80796846345139,-1.83685212243973,-1.97013942570343,-4.45557736461411,-9.20002807039216
"IL713a",4.7225884037027,7.1585566675164,1.79341842353858,-0.855377255686363,-1.15546395546576,-6.07321857996059,-8.27853776917582
"IL729a",-3.25516908897577,2.54902777967046,5.86911024553261,-0.596068810082174,-0.624791885954779,-2.6526994486308,-4.45718015009946
"IL731a",-12.2816313373507,-3.1936323410967,10.9221015800357,0.555846543627478,0.841360915020647,4.89386582633249,6.32880809557771
"IL733a",-5.59868827233444,-2.97115062032741,3.01168517616373,0.364158196506987,0.608541972062961,-1.82025516089701,0.119595943176122
"IL744a",-9.16022593738957,-4.35561430572248,5.58931599241449,1.06657356949342,1.21512078381985,4.34239449819536,6.85950651117461
"IL747b",-7.34716894342394,-2.73763115977301,5.29766858740567,0.70914169253279,0.810289990712783,0.193715673925517,1.50860475248773
"IL751a",-5.56213361187849,-6.99765489547899,-0.326532062456033,0.594560058477619,0.74282338378171,1.07959899390607,2.28072938357213
"IL757b",-5.94666430693173,-1.89821512152243,5.68919930440246,0.395605027539384,-0.0230624532871457,-2.24539165406934,-1.68411945755722
"IL761a",1.6649193236383,7.69224364265444,6.10869533230579,-0.394649863233455,-0.821644663774484,-5.60910582753091,-8.04121601007497
"IL764b",-9.96831232335457,-2.83392485816807,7.99142772111982,0.927650687593187,0.972741572095375,4.66981884599725,7.07380377105101
"IL765a",-7.82835463902252,-0.112009421931459,8.65053566992371,1.27248620433838,0.909983326615914,1.87581538194887,3.31141351835327
"IL766a",-7.83066738281947,-2.17212329970783,6.62980513428881,0.500126024681373,0.909059211832581,4.26522902843541,5.69876775903118
"IL767b",-7.11648673619602,-7.51850336266538,-0.881128334363168,2.46752582250017,2.30478003927179,3.78159389306905,9.63648990283672
"IL772a",-3.76226682247604,-0.906623165698307,2.90831570110136,0.722615100174162,1.35315678788413,1.63529562844996,2.21472959778135
"IL773a",-4.16450522014643,-7.00391333636814,-2.83118348268146,1.71351137518741,0.742167647593765,-7.3515256360131,-2.91385829162853
"IL775a",-9.60306176399852,-11.0651115618552,-0.0696244065273905,1.9681354721456,2.52732312251947,8.04360472268528,13.9383920138235
"IL776a",-6.77689553844487,-4.68878888042358,2.58604386323571,1.88543570601906,1.53324712949142,-0.0959145539034274,3.21358457178579
"IL777a",-6.17132646650177,-0.996460107300555,7.18073739958553,1.4298812759011,1.23093202563075,7.52608551331187,10.1442770263141
"IL778c",-10.912632450282,-3.284833088699,9.68020660287413,0.216479760267127,0.391422910593025,4.58731591263928,5.39144299926106
"IL779a",-4.95523456773119,-0.69992512398462,6.16390222422051,-0.758403589535828,-0.15388011677538,-1.23831333004789,-1.93518093232095
"IL784a",0.517847626818191,-10.2629184447875,-10.5359750136201,1.72725441711751,2.35152701624658,4.92154536511728,10.0946596062759
"IL788a",2.5890684136056,8.03913773835017,6.26105245699267,-1.27207417424483,-1.03752021746816,-2.72545576512869,-6.70060254001418
"IL789b",-3.20547296078378,-7.07304035560971,-3.40566863606453,1.44281375739864,1.78715624971851,-2.17156001197544,4.64677528201291
"IL791a",-3.93982951047751,3.2307703096014,8.9448755308037,0.27881611361946,0.502252008602174,3.68773796031498,2.83952600829076
"IL793a",-0.277941072207182,-1.42249249369781,-1.13147454363368,0.784165144194889,0.497826864079838,-3.71626195634275,-1.60544217729931
"IL794a",-1.67204352385881,0.502669659434915,2.26943665780701,-0.00641707597527772,0.0452454878635969,-1.47584231291415,-1.25536812410778
"IL795a",-7.54332161118945,-0.181078359452285,9.16896853210882,0.119342411818148,0.581564003373352,3.11227400202802,4.25858557879844
"IL796a",-10.0830586966858,-7.70269544900672,3.04842831803779,1.5868214496137,1.74339697100092,4.31903692213932,8.98384940796541
"IL797a",-6.82093306503305,2.37364740170843,10.086528146209,-0.295798263512622,-0.70188241195818,-1.44473647905809,-2.58315288055367
"IL798c",-9.15624882049972,-5.68607922807846,4.51118957894467,1.10019427898518,1.22119770495416,4.59495960156399,7.35041920240828
"IL799b",-4.4153481551831,1.50761752535407,7.09158901719499,-0.558333317508193,0.0838277670043573,1.50202190715623,0.001491388909443
"IL800a",-3.58143251107552,5.16076622203594,10.0599151582116,-0.593873675805433,-1.13704832431769,-2.95541029133676,-4.86359810844854
"IL801a",-8.49368712440813,-10.6635434940235,-2.51645057665525,2.98184896403516,2.61326235158448,3.22173187189596,10.6963245926494
"IL802b",-8.77112653376844,-1.60138693480169,8.07432447558918,0.135745533397685,0.224862203070634,2.6534034242924,3.31496327542386
"IL803a",-7.46224752838479,-7.44162162293175,1.13285618320451,1.33996853893231,1.1757878380371,2.67499383570936,5.63567076999512
"IL804a",-9.04875236279168,-0.588511194010786,11.3806206217919,0.0361389861954179,-0.649906205421364,-1.45045865028295,-1.9615177338184
"IL86e",1.01214412426854,2.35165354090399,1.17423703128439,-0.456303630930999,-0.751081123125433,-3.65690135732259,-5.35550487850891
"IL91j",-0.326127354823928,6.82518131921646,6.94127900042178,-0.776288902263508,-0.938396813062769,-4.21256800938516,-5.7802240614091
"ILB5765",-5.62158203226586,-0.97460521927552,5.68952582628977,0.229267880099434,0.331813582003816,0.335419546060167,-0.0241966505650323
"ILB5870",1.63516508226489,6.8392504341211,5.26924915635025,-1.40275412136876,-1.10147514675903,-4.22008922128293,-7.18744406017206
"ILB6011",0.110975914903156,2.55192324159662,2.17611221619968,-0.51045149125704,-0.29468658555639,-3.75157657605928,-4.55619557775957
"Ind.5817",-8.1409015020008,-8.39690971775367,1.01597840015209,1.72458492576943,2.17125155959651,8.04891937751804,11.9343383517531
"IP39",4.33980954795915,9.84381968515463,4.86805891898534,-1.48978720590212,-1.90464223177583,-5.38879145659525,-9.42816541538622
"Jubileeex9017",-4.12310913626802,-1.0424698759762,3.39148024637555,-0.105867619264483,-0.0473633557510285,3.06038076829048,1.44426750867319
"LUTHER HILL",0.604800689784886,8.82343502246035,9.42536309641575,-0.713341920093121,-0.499472978653088,0.232146160639327,-3.34696660454796
"M23",2.05144950364182,6.52481434969044,4.05246679887523,-0.65816336861052,-0.493450975547886,-2.88113375346581,-4.09079998584819
"M45",2.73462365273122,6.61653184660755,3.92021582813719,-1.23061866778735,-0.875633850134886,-3.67749660102659,-6.70063957313504
"M5",-3.55510332279134,5.73123729307134,10.0743309034085,0.0801577602669819,-0.426478314582956,0.351625107617403,-1.05904157070893
"M6388",5.60134955098916,-3.39367251681757,-9.69403447086211,0.219062880534093,0.374354368547042,2.16055395653523,2.75715333467744
"M6411",0.921436096732782,-8.09196090546905,-8.296098020041,0.837883872116251,0.883335892932907,4.13215477329271,6.45494413209764
"M6415",0.101253718874473,-8.53161416294012,-8.50844861698645,1.02439327514324,1.00666259975624,4.87190310058608,7.96992116891601
"M6421",7.78552157991599,-1.63708502593975,-9.01568418228917,-0.219324610912209,-0.0512149040117615,0.399041534992516,0.194564722042993
"M822",-1.16847803592562,4.74717950179926,6.30392232374156,-0.187326706973118,-0.583456529971677,-2.85338093705699,-3.61253439149096
"Ma2402",0.543022102280104,3.81130384889355,3.6482598812133,-0.0716691968781241,-0.181865592463865,-3.47575040803879,-3.61109930753997
"Ma32",3.95381024879963,8.56000826956524,3.77792984498484,-0.941139613134598,-1.24557318767389,-5.25283861118531,-7.61866722500565
"Ma401",-4.77159774514786,-6.65427198585203,-1.95559575316191,1.65612869087088,1.86161910117696,2.32315283310919,5.93140169221292
"Ma5125",-2.69016169529899,4.72605738960911,7.55190499724283,-0.522134466803333,-0.622391195656287,-4.21275860939552,-4.56198380829455
"Ma609",-8.15822876989393,-14.446244079944,-4.28770735770017,1.8008022810355,1.04574300835262,0.394629034944859,5.67937092182535
"Ma83608",0.509775093815409,1.97032481992886,1.20113551842525,0.0952178915073863,0.128935023321977,-5.00473308524629,-4.84416903946609
"MDM-1",0.275699641164478,7.24918952857632,6.89324459499423,-0.553044357987261,-1.11844452398947,-3.70100282417416,-5.64952360278542
"MDM-12",-2.98809200660067,0.787688723789168,3.99714904690599,0.341312214071182,0.6962333720268,-2.33313529586223,-0.941088111196404
"MDM-15",2.19095369106376,5.0009347978313,2.30004163929822,-0.492742689116838,-0.135911058032503,-3.10145205140188,-4.48548002259304
"MDM-16",2.94735744412835,2.23591936084331,-2.30814275559108,0.569745413625462,0.332609894606015,-6.69509893144707,-4.91518232453597
"MDM-17",6.13650852517079,6.23156788729719,-0.284651323650599,-1.06278551594921,-1.11079765316383,-5.97153199903929,-9.31385444251345
"MDM-18",5.69857765877104,6.42736987028287,-0.492244871582572,-0.796946802970756,-0.414317593278812,-5.96120453954401,-7.83428530046452
"MDM-19",0.146714447238103,6.78377948416357,7.60831686581945,-0.561343912679751,-0.801622329889265,-3.66380500002359,-5.60212743713751
"MDM-2",-1.73581283067287,4.02741807303069,6.10770124162851,-0.481885048051437,-1.08683123082239,-5.09666863457557,-6.2240272485949
"MDM-20",9.74642228450428,3.62350615037244,-8.044719669744,-0.25302817228223,0.930774055657799,-5.61900155270393,-8.09586193171837
"MDM-21",-0.577315887082116,4.93135255452389,6.44232019821779,-0.0238691625760593,-0.286268437341739,-1.74845421546983,-1.86943928785361
"MDM-23",-3.52444965092598,2.59499532688864,6.8314185953924,-0.479390883965806,-0.413954649180124,-2.33471511826754,-4.15388317379502
"MDM-5",0.766804599973571,2.94202624467709,1.72604671823909,-0.348983546847612,-0.0964889120688414,-3.07767867582442,-3.39548401380618
"MDM-6",-0.734055020854467,1.76318469823417,3.14766354895019,-0.467972807216649,-0.66490411564121,-6.22764210722594,-7.23456380831182
"MDM-8",-1.74139292634083,0.350489336823747,2.13364069894325,0.545733272232248,0.534221165348752,-3.45656313177467,-2.01572163998943
"MDM-9",2.91202488250662,6.24076051338104,2.80360476121393,-1.61224490594876,-1.30334656286521,-6.5892595953206,-10.1803194987558
"Me1",2.45310011925602,4.49019414415547,1.89781147253004,-0.57227529127072,-0.593511603142623,-3.7224131024715,-3.97260124491143
"Me100",5.18756625265693,7.60678874767337,1.54476452498253,-0.679346330141503,-0.896733126334105,-4.59218010301115,-6.87622388202823
"Me121-wb",2.21502048151535,2.96110867286804,0.212013442178275,-1.07809428937365,-0.17752975936059,-5.46456035117243,-7.19976101549647
"Me123",1.61147522021223,2.46827677833216,0.358345348766493,-0.0933748109677346,-0.177454667860313,-3.80700366361963,-3.9961282804883
"Me135",4.36093707098917,7.70708554034894,2.4403759455685,-0.839081034448823,-1.35831472431773,-5.96139989232767,-8.29559462767966
"Me2",-0.657450089597514,1.41241364289484,1.8913646490276,-0.231564935200637,0.108782479704376,-3.29231130761671,-3.87528105371488
"Me244-wb",4.70319551204201,5.3743232528511,0.500111353506844,-1.00465240245652,-1.02289796851831,-5.50359737833865,-6.98715464379765
"Me2rt",2.49210108958171,3.98761831503909,0.876278152161749,-0.588275030231029,-0.715689841481953,-4.034626138736,-5.46882847178301
"Mo17",6.38539496382189,-0.992678351996639,-9.03162392122626,0.195230571867885,0.15442645776267,0.862167487205876,1.33110164689738
"MR10",9.30376930506639,3.06082886732376,-9.33527657568433,0.141228641595816,0.0874548049084628,-0.206822506088953,0.434736911244908
"MR14",5.87852545504634,0.222725075632405,-9.25989843304748,0.471032178648016,0.29707094064591,1.92576798662382,3.12684355137902
"ND1",22.6806739601231,15.7373033047949,-10.0214357762747,-1.02552849919672,-1.20180566669376,-8.3504017752768,-10.8366011707805
"NJ112",-1.07069533866643,3.665153587641,5.90263447026861,-0.732424590968399,-0.597583796571596,-1.28026124701234,-2.38609830727991
"NJ116-wa",0.625786623546958,0.422119701029264,0.793935787967167,-1.1781401474529,-1.01365642988335,-4.26354178092434,-6.48378044347341
"NJ159",3.82073426642786,2.39211157234183,-1.56715949644383,-0.765723207546389,-0.427188594749571,-4.38725143853638,-5.90062724037595
"NJ618",1.60126792147325,4.09029843538695,1.99710771535776,0.0296868492675799,-0.322094192361131,-4.62129783345414,-4.56511162961028
"NJ7Y",-5.32210892211912,2.08147317290589,8.97080570808383,-0.18499654555515,-0.588494441187517,-3.45208359271185,-3.34800867215853
"OH43",13.0597038429309,3.60851973929887,-8.9150531881822,-0.670805457302342,-0.582164466754716,-1.80341057421306,-3.16966103013944
"OH7B",9.67673186195912,3.75557796799502,-6.90602080902898,-0.154930013613683,-0.370498535690064,-1.64703411197568,-1.89572111337883
"OLCOTT",-1.45419774850824,6.04835111451567,8.41428307235309,-0.162353899778298,-0.521615931991346,-3.06557338579634,-4.58005541202932
"P14",0.516544255733813,4.21162288567568,3.83734418296604,-0.480194644129895,-0.00977773940863886,-0.568446478452453,-2.3600900287021
"P35",1.34801084348534,10.15939419262,8.49777952382249,-1.13384713519942,-1.65456532748378,-6.44185820910089,-9.42553412590052
"P39",2.64257676634809,9.14323437880912,6.48769037043207,-1.49585297185413,-1.63989990921049,-5.33518949739328,-9.34612726701469
"P39(New)",4.40908239419334,10.6043533925308,5.58209494614814,-1.47085781278889,-1.73382391144936,-6.34897779276772,-10.2151190360213
"P39a",3.9519521600821,10.1436059734862,5.47780511371587,-1.20653679213688,-1.45576834301271,-5.5172493084845,-9.22884146464327
"P39b",4.41294511444579,10.1246603241652,5.11334978094066,-1.39139006313552,-1.48809486218718,-4.974411612066,-9.13023943371487
"P39Goodman-Buckler",-3.43272442528573,5.97110096483991,10.536768313899,-1.50486070927659,-1.45566792684592,-4.03021177264874,-8.02915487776028
"P39Le-253",2.14458501867189,7.80187821250643,5.13748443230606,-1.35840010492267,-1.77188852722906,-4.71856838445892,-8.54139528644304
"P39Le-253:60",3.6664906281389,8.54833128393966,5.02050598799973,-1.47854885866747,-1.85753488304358,-6.30963207402313,-10.593707848241
"P39LE-261",0.346029208346222,6.62108192389352,6.12492568791845,-0.747519536125364,-1.1236506652477,-4.71266606661652,-6.95765335435985
"P39LE-261:61",2.54252378625935,7.4783573284528,5.76652666564345,-1.39711474761308,-1.61092084845859,-5.35788053301067,-8.92592028207569
"P39M94",6.69594933977748,8.94750832043823,0.688416520128696,-1.03912964214647,-0.706843848894565,-5.41762739878268,-8.26116703422808
"P39M96",7.07626288449562,11.5435142528257,3.62321059018753,-1.28727709446757,-1.33245011922634,-4.87925338755205,-9.40839663641715
"P39xRp1d",2.08848295846311,9.53235137269051,7.80138710812598,-1.59514916294011,-1.82733735746034,-4.94463070958434,-9.49407226630637
"P51",1.75582827702433,7.10122238747882,5.73572509415809,-1.107231456938,-1.3508343878316,-4.50454238788287,-8.12647310411044
"P51B",0.162791848452053,6.05449463284961,5.86796616213097,-0.81351576782156,-0.761921397855397,-2.76604291526668,-4.01582381061518
"P51xRp1d",1.05517143851008,7.35094731801528,6.4843539237233,-0.950042698025424,-1.13589239956735,-2.79867843707722,-5.48455772393662
"R825",0.977425949823164,-9.21885756389488,-10.4712651269025,0.766273138144516,0.952845819344229,7.74406271904689,10.0093530139624
"R839",-1.63959303433785,-13.2186504615126,-10.3363479614735,1.01607232388563,1.17179140570714,9.4108054325664,11.8701710079021
"R851",-1.14191697332462,-10.1156065098384,-9.42522752131537,1.19192910829729,1.11802761602185,7.00699819910808,9.81266778863224
"R853",-5.10003864889366,-17.5694829664163,-10.4780840325587,1.11833052952604,1.27688023597054,14.4161247060458,16.7267448335312
"S4",-0.556507185952475,3.32073004431228,4.04085649574702,-0.435725932926451,-0.594853465664306,-5.25214261410638,-6.63894639087434
"S43",-5.42270098355269,0.371311373519392,6.66484240655666,-0.511851051246679,-0.82625676904068,-2.12231960013253,-3.13523180861978
"SC1441",-0.572181864214895,-11.7941825831902,-9.84362118360269,1.00774686587138,1.23934454016811,7.20735089973202,10.4024164591279
"SC6069",3.02449779517979,-6.53561366203449,-9.55631126421057,0.469800332994796,0.558819082935075,4.91072904292367,6.49036610402384
"SD176",-0.256782602368275,2.62869150907879,2.97732993781434,-0.0338502001065288,0.107755791902689,-3.23225935093974,-3.21293378966711
"SD226",1.36807316098527,0.817910336197359,-1.02089272071789,1.20660508100502,1.05797796437257,-1.42918144927326,1.14485878423836
"SD245",-1.51331466163627,1.07091199870225,3.52652875180169,-0.472336142028087,-0.576866711878431,-3.48320464855136,-4.10807035095998
"SD277",2.28560770755754,3.59869567164471,0.771000149723399,-0.251349257692751,-0.155987940779036,-4.87739024853539,-4.2169098560094
"SD42",2.76894476289269,4.94371222806899,4.35990757800691,-1.1738290395254,-1.54403490667257,-1.483375737205,-6.41998805158537
"SD469",1.58360998237688,6.2279424151474,4.67183707460477,-0.880444553992903,-1.2334268706334,-4.55473685494149,-7.48561750428321
"SD592",1.68256959663884,8.99804173380953,7.38470278348609,-0.931545058954668,-1.01959713902734,-5.0495445654882,-7.99319392744875
"SD789",2.37559725826775,7.26663161831424,4.5990233677521,-0.971802140125122,-1.04269715821762,-3.86369689255184,-6.52355732032131
"SD829",1.04888532630857,5.7886642177757,4.25351644566012,-0.427546882230589,-0.609012205934568,-2.9385365321311,-4.12542757300133
"SD883",4.01556943981084,9.1710787968868,4.76292337547716,-1.01129776258848,-1.30536962450392,-5.40390343738759,-7.70357244118524
"SD884",-0.433415386091258,5.21430072169271,5.68343222740145,-0.549781273332642,-0.411731507826429,-2.62555376974115,-4.20819994861435
"SD908",-2.83544280397621,7.92695420285963,12.2946514642278,-1.63597932153921,-2.06305432694044,-5.07926410510234,-10.2236328875401
"SD909",2.68548691324467,7.93857745949639,5.13415042536275,-0.954680327401672,-1.71888146040168,-6.97485986473967,-9.84023944245373
"Sm* Sm* smooth @@",4.61216718132429,6.07987569416227,-0.505628053617103,-0.263727809011653,-0.431699822996007,-4.0432535086034,-4.16679262507247
"sm*sm* wrinkled @@",-0.653690941480783,-4.09155801049028,-4.99758621170931,0.720301521591461,0.736801940778111,-2.42794968482095,1.9451666449438
"T20",3.06141201623852,6.19097388345123,2.63376078620627,-0.62583608535617,-0.776743699667855,-4.15738725885247,-6.53243276739086
"T24",-5.80141437696817,1.31198332661972,8.39559211958308,-0.0170644522600898,-0.482543920259769,-3.11857873774914,-3.10838870349445
"T32",-2.99091464102272,3.42827544089054,7.17308740922284,-0.478218465272143,-0.640472219869708,-2.09276119768645,-2.94102546338825
"T33",5.67116498844216,9.547454419633,3.10708670261277,-1.26090520977497,-1.23304218609898,-4.60148725941491,-8.34402596180324
"T35",-0.371679047781643,4.76502556164891,4.75676044824358,-0.582779755240117,-0.24724225003977,-2.785444049696,-3.57025642704946
"T625",-5.84890409781166,-7.40505095295878,-1.9432574050193,2.38271344895491,1.63020302020399,-1.80806586436682,3.62374262171732
"T62s",-5.67148279331854,-6.44209591803224,-0.482883485898557,1.29398883370987,0.656503665697738,-4.24409587318285,-0.309908400269246
"tropical ",8.32420630866783,-1.42560262003899,-10.0039881054696,-0.243621376523364,-0.0900760497959366,4.49376313894258,4.50005867109907
"V775",-0.850031353753586,-12.0896838391739,-11.5108718856893,1.02069820630358,1.34423471741302,9.74788985410342,12.3525920741943
"V781",11.0656696518419,12.1379088975345,0.326115911676671,-1.32692032940634,-1.50530644650327,-5.50592119733731,-9.54506668813994
"VIA5492",-3.4372534658098,4.15057543082677,8.25350676751871,-0.554697547401745,-0.613265581200777,-1.49913454192138,-3.21165736565656
"Vineland576",-0.998160163218949,4.68033431340496,6.47490552837726,-1.23479466771753,-1.26229622467554,-3.55289630513099,-6.67733158276558
"W1736",-2.62207871055753,5.19367462568046,8.96391926561211,-1.05063508686597,-1.2317120744466,0.0684763957910557,-2.79913925763853
"W3647",-1.15762825278749,7.22376550337331,8.17304518625467,-0.703407859542173,-0.935154280314506,-1.12323882187868,-3.20480734431719
"W3722",1.32224159672036,-0.250208738076321,-0.698722110505371,-0.539319838784196,-1.2739619584188,-1.94825085871681,-4.75431359967515
"W3742",2.52390173261194,4.84650441146802,1.71083831191392,-0.75507752017956,-0.794789549828751,-5.41075202708023,-6.49854381132638
"W5543",1.08002991903744,6.51551792314786,4.95568977487441,-0.663050305347493,-1.27780661073746,-5.82924211804963,-7.14221836612718
"W5552",-2.21866873287914,4.89875528720103,7.23465102487728,-0.747987575620694,-1.18955098200109,-4.58370126025804,-6.59417032124044
"W5579",0.428001053962373,4.23856298998635,4.03955673087471,-0.399758470318722,-0.830454680641193,-4.58199116232029,-5.78232542382843
"W6366",0.451189688552708,3.25274505449113,2.56369696395685,-0.622537135620744,-0.104554390805944,-3.06424069960091,-4.31992276182919
"W6462",-2.36611112947663,6.31412062857937,9.33896378581109,-0.935542633254994,-0.75761658432182,-0.920927159039342,-2.78714756402372
"W64A",8.39602843813378,2.25175973238588,-9.18169686170285,0.259962521230217,-0.0071857298385379,-0.464628781712378,0.141298735337824
"W6714",-1.11801415924746,4.98954473184173,6.40092655194758,-0.0361547495549635,-0.355891140905276,-0.93843494146213,-0.926092600644727
"W6720-1",-0.879130471178784,6.10617938880127,6.77272735121806,-0.754901702006711,-0.95589920997392,-2.32585406004576,-4.50446402401444
"W6728",-2.56913255872156,6.47459302099797,9.50851511871656,-1.03975310976256,-1.30970677281094,-0.548210251189586,-3.53591696707227
"W6757",3.54838656537959,6.45214985194887,1.32061291251324,-0.635242173620969,-0.801381374343642,-6.80237472155926,-8.49665303260337
"W6786",0.469521180312192,6.65740751721098,6.23476208106361,-0.96779392063279,-1.23403960057242,-4.07287572535759,-6.24964124306285
"W7151",-1.32312299079002,5.31683750282527,6.27122486384294,-0.349348714604863,-0.961399908540721,-2.56964276209268,-3.57840325189383
"W822Gse",-2.06141592896722,-1.75106102770865,-0.971036544441183,1.03159584631521,0.813966426748835,-1.71451115963765,2.00118701986269
"W822GSe",3.81607824574387,5.67996853479236,-0.218950411689765,0.201147406013487,-0.17305359674067,-3.33742150473992,-2.43869348676763
"W85",5.89509746935035,0.857729467863257,-8.60655973481941,0.625948129050348,0.207101132642605,1.07203751021494,2.08677422701872
"We01407",-7.01875479404915,-5.35321171205438,2.22581300952193,1.03824812244071,1.66023285786423,2.58385448776474,5.09832294668069
"We02404",-6.92822470306366,-4.2393425242812,3.6853842295951,1.19130249106539,2.04986599120914,5.32855432675497,8.20414892563263
"We02406",-4.32778354568375,-0.893361003019003,3.99279737118065,0.700036598087037,1.35438517487275,1.43488871743542,1.89999476941364
"We02412",-5.45892278915371,-6.27503398497284,0.18428124315303,0.691263459706301,1.14780899632482,1.93625006944133,3.84747372144795
"We03418a",-8.86488795384255,-8.27143410436924,1.65029242062089,1.86396141459856,2.01130709191108,6.39672645339237,11.3902572705918
"We05401",-11.6789521703073,-7.70892202721683,4.63791183505913,1.77950829454395,1.90934741905495,5.42688585568335,10.2769180049788
"We05407",-5.56035688962426,-6.99617912162021,-0.333454647701193,1.91036140748653,1.64325937422054,3.92131685205196,7.58732777154775
"We05408",-9.31503934255285,-4.46718496608237,4.98643088043811,1.97685809244904,1.6278066697357,4.77025601798147,8.36165807731811
"We05410",-7.09914104605796,-6.83104996608285,1.50083159012093,1.88181848783129,2.27958015322318,7.37601925248001,11.5701004021538
"We05411",-4.30524455360484,-0.85614675596489,3.57962491247317,0.834682091297418,0.936640307998626,2.56679033379687,4.22871759787383
"We06409b",-3.60693010817076,-0.0440633391851569,3.67797865962129,0.334541890365366,0.384841045165569,0.410883566630847,0.0936451876021997
"We06410",-7.60561045287473,-5.49647380317134,2.08037772548571,1.31552552428698,1.55278263317891,2.63526723082581,5.94786686250298
"We08408",-2.37488802371861,2.48838762603147,4.82492720796217,-0.549748747820903,-0.153430252462445,0.849859455894383,-0.562986045962531
"We08414a",-4.40948248308327,2.41221880413116,7.03394706169671,-0.569345967890346,-0.516036344922377,0.131747941053635,-1.44400754799268
"We08417a",-3.9680816713193,3.31441903060479,7.53301965564306,-0.287884325450767,-0.625978453605854,-3.340068065704,-3.90249673336269
"We09402",-7.13197852850669,-4.13403030820158,3.57796989547644,0.857244855391395,0.894846614522451,3.28540799716877,5.72213230484956
"We09413",-8.4287358713898,-3.51621552220501,4.66983027929362,0.701941456668165,0.984213344223704,4.8635287419487,5.6076451347298
"We09425",-2.73276815462576,2.88058361686756,6.38319640793313,-0.66558630826797,-0.474137413408187,-0.319224525308448,-2.10583535583256
"We10401",-6.66207585402935,-1.10825992469986,6.21261704039448,0.97708943435227,0.581650715747312,-0.682025378138106,2.1439020175216
"Wh00033",0.108871861141052,-5.76671131589845,-10.9970101840517,1.07333091962864,1.03872013840002,6.66944849595666,8.66795457167869
"Wh00050",-0.49652443254317,-8.44847937982686,-12.0732427590874,0.656763520349898,1.06327443703275,8.26468434097541,9.66198509489636
"Wh00051",2.5746305999327,-5.63845919137019,-11.2346153150199,0.564266700810286,0.726058896484375,6.41251282084198,7.57583768528069
"Wh00065",-2.37202715287739,-12.4755719411512,-12.2945944151979,1.19578140278579,1.65046538746501,11.4174333223224,14.5481564297754
"Wh01001",-0.65557198773064,-12.1893245234303,-10.3675585021326,0.827924388258047,1.09836177076965,8.17174977417105,10.4216910178813
"Wh03031",-2.01703975322624,-12.9307953361679,-9.8053254974855,1.06460452447127,1.24388106876707,8.27153627630001,11.3474500724711
"Wh04020a",-1.12353539977364,-12.5105092398445,-10.4794810461505,0.948789593806925,1.14352046522972,8.13168857117895,10.8713002641469
"Wh04036V",1.45295423132821,-5.42869654341525,-11.0152399520029,0.666097104683444,0.826321271859165,6.0345608290956,7.36065040865608
"Wh05032a",-0.183743462985258,-11.5244752911056,-11.8668746665843,0.990346854349543,1.49703931250134,9.97897746333312,12.9354738540612
"Wh05051",-3.92892937865262,-17.2609968273375,-11.1653877551834,1.12761549843088,1.63683537201485,11.6762360055966,15.0907739156405
"Wh05066a",-0.015230188200754,-13.7871834344873,-12.973330126066,0.642919111912103,1.39767159138587,12.6207079202552,14.6862639080709
"Wh05070a",1.83321849227242,-11.6534083107625,-8.78568700566758,0.118382629361249,0.371792535386798,8.15842431767082,8.33855064775559
"Wh05081a",-0.491221320591385,-10.5262445792422,-11.675133053094,0.809302931712016,1.12425877047377,9.13124154054622,11.0114519528993
"Wh07013",-3.31225593585841,-13.1637147607387,-11.8488803560789,1.242311664067,1.48376366651579,10.6782421940109,13.8168812331934
"Wh07020a",-4.03834200290869,-16.6443274718164,-10.3350038293901,1.39007878935523,1.61964558566782,10.9477938778116,14.7448655426163
"Wh07051",1.29370540624634,-9.9563274115763,-11.7468343396977,0.247264766771908,0.833474996641034,9.00694328789204,9.37413891330271
"Wh07061a",4.09370694582282,-8.69850062513619,-12.3808479555743,0.119009283326746,0.864750277254735,9.45514490272652,10.2033664422905
"Wh07165R",-2.08717634373974,-10.6672487367974,-11.6447465672347,1.06281404721181,1.353163129651,9.7883976653878,12.2938368612086
"Wh07166R",-0.424818038642389,-11.382660425992,-12.1028586950194,0.7104059878505,1.12732838652804,10.3756788848168,12.0995324512956
"Wh08022",-0.487728805698249,-13.5121442935123,-10.3260966233297,1.01175627011099,1.20744608677892,8.32754969416703,11.4591009740626
"Wh08042",-1.69398717735116,-11.6666510934307,-9.46275088844694,1.12834649282273,1.18089231058042,7.33258782947048,10.1527638022257
"Wh08091",-0.0720384064626107,-9.57360872303159,-9.08619780258129,0.68826541117842,0.828366027855256,7.89417000728573,9.51314669176806
"Wh08092",-2.4943048744741,-12.5185911850966,-9.76631387309943,1.23127769041104,1.33988146650856,9.73677054159881,13.1066990488389
"Wh08115b",-2.46184572894423,-9.69620538870269,-7.64855852331732,1.24002296271639,1.16726486987337,6.79189766702402,10.2435837276209
"Wh09009",1.6328873444775,-11.0568704027363,-10.7844043200644,0.677166706737698,1.02211270198798,7.87140453389424,10.0489015991041
"Wh09033",-0.985892016475311,-11.9194761089805,-10.0630453954334,1.06445508717662,1.23717884551733,8.08753072284822,10.9005456620835
"Wh09061",-0.821186150840113,-13.2807946551679,-10.6638913247522,0.822197743624673,1.2052836055764,8.76420063741909,11.6337271036436
"Wh09068",0.636000008871322,-11.4615647994315,-12.5599713514154,0.595652048980785,1.22774360207344,11.0310113944307,12.8594702407852
"Wh09075",-0.526442752715979,-12.0803641881452,-9.84342870368428,0.84177833124242,1.14201488616341,8.37249828482883,11.2757489941212
"Wh09083",-0.469216029649969,-9.68446677637448,-11.04399895663,0.734654487703177,1.02835997402831,7.83340464518147,9.72304542682257
"Wh09087",0.0522524867493369,-5.44850699919906,-10.9639305997806,0.703178296698775,0.846602492629517,6.67821981129184,7.80503109939417
"Wh09117R",-5.6123916281254,-14.4222795834323,-8.26734360321987,1.63954263096542,1.63567227766552,7.46837344746473,11.7301481109845
"Wh09126R",1.07527195318611,-12.8368175509825,-10.0317713529819,0.613704777997359,0.895688008734067,7.30382421326456,9.3153694353842
"Wh09137R",-1.79381937285037,-13.6435457978744,-10.218388703661,0.970326165354476,1.27291499000175,8.80298931279052,11.6155834072479
"Wh09141R",0.692402427271309,-6.694214738225,-11.3631034237014,0.542748130158896,0.89649717098973,7.77304120963247,8.883304026896
"Wh10006R",3.11398455850125,-4.68871349119459,-9.86173477331778,0.319454690456028,0.515381028937213,4.2031190548566,4.76836986099393
"Wh10034R",-1.58486695120005,-11.7614976118204,-8.73157824432298,0.977843285959312,1.15693951926968,6.50697960200139,9.51677910399962
"Wh10035R",-0.72320065197747,-13.7973238482761,-9.13578240362322,1.04407443244587,1.29233139672419,6.85985014703361,10.3706308446079
"Wh10046R",-5.54773221235395,-12.0827675129294,-10.9055575548439,1.67682538819672,1.82893657618113,11.341166244258,15.3761796753342
"Wh10049R",-2.6395367389073,-14.9536720657327,-9.9708096793291,1.11905692802673,1.41102027128413,9.24657401791441,12.4244959679202
"Wh10080",2.32101568913548,-11.1056918988726,-12.5697140941992,0.418622163062065,1.0811078595446,11.6577347266505,12.8578300064527
"Wh10110R",-2.66637507036851,-10.61216286727,-10.6459847718316,1.19157693064893,1.35576820378997,9.80737963694157,12.607164342286
"Wh10113R",-1.5532860295442,-15.7527648160456,-13.0800410534998,0.84283882073591,1.63094733619508,13.1892506925649,15.7715804583052
"Wh10140R",-0.574170577412261,-9.10659123913352,-11.4875521121644,0.98496634251017,1.18285793863701,8.42567102016493,10.6078398098395
"Wh10163",-1.52947794453335,-4.35548416777508,-9.47487597323478,1.05209165790583,0.707266045584806,5.79272657528646,7.52155829372693
"Wh10173V",-0.136638941969418,-8.7815068036905,-11.3681693556281,0.890836410129636,1.06786270302041,7.9164922152112,10.0201137794352
"Wh10216V",0.877615169831452,-9.21753445574498,-11.4660202243397,0.69812094250606,1.03476174673431,9.45786116088014,11.3740497808348
"Wh10231V",1.05232797507583,-9.25770972435271,-11.7387203018813,0.766594460837283,1.08484290443173,8.72111211310999,10.5595191412236
"Wh10802R",-1.27361543525138,2.94090727049563,4.74111462838587,-0.418402684715567,-0.491327585183061,-4.82921834064009,-6.11861187797446
"Wh10804R",5.78721592919272,3.91217730858217,-2.86506556079241,0.222383292668341,0.585108147729365,-2.60653543394406,-1.40645843143063
"Wh1095407-2",-2.56756806334326,-4.17365629901917,-1.46356347083752,0.967219835057313,1.18824743205536,1.09825255657025,4.42925732325049
"Wh92047",0.143082740701356,-8.30784530403916,-9.72530493534077,0.776127099699973,0.918219588814077,4.58251154980647,6.73940536067027
"Wh92054",0.822287279496748,-7.09802324952248,-11.9523047706054,0.691341094622756,0.928938358097779,7.58617581411968,9.08005581838728
"Wh9261",0.876556814446423,-10.7589092908201,-9.37470462893567,0.776016885886084,0.903738649982071,5.76155144489318,8.09116721985967
"Wh93006",-2.08487579132423,-9.55947795858697,-10.2890825299761,0.937707691931839,1.01847390695723,8.84611472536303,10.843261582843
"Wh93016",1.43377249950805,-10.3049699534693,-10.6414837173922,0.457266905425292,0.994018502683007,7.60041990278384,9.33968726590623
"Wh93017",0.473101664233032,-11.5702086083965,-11.9795986509619,0.692929113117934,1.17149003594807,9.70688267698791,11.9390068697642
"Wh94053",-1.54519787018155,-8.3494853639292,-11.1380676992385,1.12468564354483,1.10099296948435,7.76267595898312,10.0041183567349
"Wh95016a",-0.136862298137081,-11.2002968516219,-9.18406737061295,0.764806429713947,0.911400494808694,6.56181795190892,8.90545384544516
"Wh96011",-3.52176422464716,-14.0320775614841,-9.76566904826809,1.38497961119892,1.46488176127574,8.82512551450409,12.2477020301905
"Wh96015",0.638708570433814,-11.5511053052952,-10.9754507908734,0.708937768256108,1.22069513462222,8.99648904023759,11.3071504789859
"Wh96034",0.200617528049156,-5.66073553588971,-10.194258611113,0.799486097097601,0.764440589023243,6.04367212667931,7.31007540991978
"Wh98044",1.9757524297647,-8.56426686760996,-11.8329909959489,0.493846181314176,0.96879434476044,9.07684182949083,10.6857309803316
"Wh98063",0.987856708970317,-10.7109812460006,-10.1166325018013,0.650907563930898,0.901618645512021,7.10097042455486,9.02130868377
"Wisconsin_se_tester_sese",0.0664332618959972,0.635629723188896,0.677232375719557,-0.0272587984154309,0.211535879938114,-0.132308247389078,0.720062455804667
"Wu00801",-0.572500961987777,1.06333113525474,1.62261093867589,-0.247093689198177,0.0280817686207619,-3.23380975233739,-3.52302823533317
"Wu00802",-2.46934741797234,2.11737583636111,4.92503102172882,-0.195975707461878,-0.52804643238542,-2.29860042064967,-3.04604352655329
"Wu04401",-5.71392083816709,-1.13215690425713,5.77419593935647,0.701075722438861,0.791124552515141,0.611130392420163,1.88650643708292
"Wu04806",-4.42727155750546,1.06837823346954,5.71029552149788,0.213050749169085,0.198043586154137,-0.461233352201411,0.928565012027455
"Wu04819",-1.97379249690515,2.9734885999363,4.98335238290511,-0.0925110710723363,-0.0116777942402017,-1.55352264235706,-0.916273369583594
"Wu99811",-0.497944942278106,3.5954443387309,4.56086754587318,-0.383313789624697,-0.804710117590118,-7.11499610365452,-7.54458142762886
"Wu99823",-4.11643437608185,1.4802713892168,5.44788559203605,-0.666037581393144,-0.444721557348146,-1.55926396495045,-2.91384609062346
"Wuh07177i",9.02922924005718,1.31899143268353,-11.2697007586267,-0.314867254029937,-0.0661402379502335,2.81409719591634,1.90471947011364
"Wuh07182i",0.014820345159722,-10.3055734016879,-9.2584563285386,0.442286002426171,0.640160462329047,8.93643784225177,9.6587273354061
"Wuh07183i",0.0680674203649292,-9.33026180588557,-10.1333124537321,0.862672784099054,1.00766816941762,7.55712760599461,9.69184922368418
"Wuh07186i",5.70459826798059,-4.81558565928516,-8.8065461341073,0.0395548051722324,0.297213818745194,4.21538836993298,4.89140355151911
"Wuh07413i",2.62026044405374,-9.25404219448879,-10.2779724401665,0.399787791499772,0.688119861422847,6.78462848583758,7.95678221583483
"Wuh07422i",1.06032777585827,-10.6913213407548,-9.83202556504841,0.63995287724236,0.798917822331644,6.36232474467065,8.33846897087819
"Wuh07429i",2.60134368495213,-9.45562876802898,-9.35211759003571,0.285559587473361,0.444111871830353,5.40447131275145,6.37678750851836
"Wuh07466i",3.23971317529341,-7.10422022897674,-10.4544725510321,0.153558155134742,0.438667992657454,7.42877625400437,7.90919380812128
"Wuh07469i",7.73668289323472,-3.0088239962969,-10.1829315615932,-0.356604761703971,-0.0244155837514046,3.63142649545169,3.2363951768465
"Wuh07481i",1.39611689169749,-9.17496631337406,-9.73936558754944,0.574548173481219,0.781829097766761,5.97076601128365,7.77948692559923
"Wuh08127i",9.93792840157124,3.36633008204396,-10.4863817820254,-0.298253296188034,-0.210320896089783,2.56510343865862,1.65196504357772
"Wuh09093i",0.992346037710543,-6.53305080014135,-11.8067007719305,0.678314940672828,0.820082066182185,7.80841843198591,8.97923811684199
"Wuh09097i",3.57789259025678,-10.7171828824112,-12.1310486998145,-0.000114685905604505,0.635857185863794,8.828561095783,9.2591212624127
"Wuh09098i",0.716209701004375,-7.51877757185765,-11.1093637828334,0.776008979130772,0.972608444605554,8.70221450858391,10.6444966291359
"Wuh09144i",-0.234992211442095,-9.75256881817767,-10.176602587624,0.96335047437461,1.09458597600083,6.71901518942778,9.24662876541075
"Wuh09149i",-0.0102139702128723,-8.97836788934387,-9.38605081872511,0.854494657667108,0.878137995021255,5.43185305057998,7.64415149039795
"Wuh09150i",2.02194105254744,-10.8106944762498,-11.0819164735801,0.436314646439057,0.854291174646231,7.98529600135102,9.44930632600292
"Wuh09153i",3.3823406705238,-6.29790157127308,-9.95952725456661,0.300452918876744,0.524327564565936,5.32876912639089,6.35212016837937
"Wuh09164i",-0.679398933260948,-14.6459081628193,-11.0652200058245,0.821457852418316,1.21886883776326,9.8339136919741,12.3296851988134
"Wuh09170i",-0.324840557690852,-10.5107086755469,-9.63123675039868,0.771855491595329,0.905267993413117,6.72344170314824,8.87995290127486
"Wuh09174i",4.32363907195168,-7.16970345361487,-9.69546923440815,0.189668789429669,0.466964562331809,5.13138934481071,6.01298155578764
"Wuh09183i",3.56812269057443,-8.54835587072345,-10.254441372836,0.334814763278111,0.599288348377541,6.29017538012884,7.61446063081549
"Wuh09188i",4.20029261763442,-6.90566931671413,-10.6532535708813,-0.0116211638642261,0.292823237195252,5.7377195676777,5.95112504769379
"Wuh09191i",-1.6250847453024,-13.1173790276612,-10.9098782809958,0.970657042246492,1.27967735456545,10.2414001838692,12.8153621101459
"Wuh98032",-2.26884133632042,-15.1656192522205,-12.0169760829449,1.1562779486864,1.63943766492875,11.8734715040517,15.2660112206929
"WVG3",0.841555476545474,5.6780623739993,5.89135404836333,-1.46810902187766,-1.6006716059501,-4.55362736157386,-7.98031778771862
