"Variety","Starch.BLUP","Total.Polysaccharides.BLUP","WSP.BLUP","Glucose.BLUP","Fructose.BLUP","Sucrose.BLUP","Total.Sugar.BLUP"
"EP84",0.0307136698936153,-0.793780146108568,0.209663235017873,-0.166917150195449,-0.0476045346585049,-0.937871124616152,-0.900325331024614
"EP85",-1.0475960813599,-1.7923143499369,0.26046149138361,0.361576380983091,0.0938697203186138,0.159598761065515,-0.322368437215454
"Fa32B",1.68708272554753,2.5282785181581,0.316528879582287,-0.977166083965359,-0.300091944523843,-3.16787535821921,-10.8722750478961
"Fa56A",3.93208780453662,5.39617217223615,0.0307201982796554,-2.19591097238477,-0.509581634082786,-4.02429446602122,-9.5425403905753
"If825",-1.3986285734719,-0.557871721487927,0.0857885792355365,0.572990927150982,0.2390261725182,0.0913863939119349,-3.48913719150873
"Il677a",0.78358880067775,1.76806714251699,-0.0613711039550832,0.499399925986881,-0.0438512441231974,-0.99174431419545,-0.975395725481016
"MR10",4.1797606651684,8.10468770448003,0.224317444428113,-1.20916701848083,-0.339301921773273,-4.95509338991891,-16.7025351263556
"R825",0.78069484903639,0.838318109936874,0.035763029607656,0.498522552277158,-0.00112398263460224,-0.643154522621258,-1.19830038292677
"R839",-1.06221478784723,-2.5545394814706,0.0943992766180514,-0.338317681476076,0.0652493786220992,0.501658567246997,-1.83958992815271
"R851",-0.809001351755542,0.530101385728067,0.363352910132237,0.500391841603172,0.16471308007535,-1.35975652752104,-3.01848477882045
"R853",-1.29771894578379,-3.44651998114947,-0.0326334762352645,-0.062309805568592,0.126745889389273,2.31020670493847,1.38439602917689
"We08408",2.95530597987784,3.93213957772884,0.214138365463765,0.740894889998143,-0.296040061018511,-4.21852209465116,-8.94784996709367
"We09413",-0.978215299022211,-0.596173995412015,0.0754104065784127,-0.170490184186727,0.12402699265701,0.736941773622202,0.340493298980958
"Wh00033",-0.308048619496189,3.18708287605365,-0.310423393503453,0.529120428418861,0.156616956996308,0.0247143709180937,-0.627284252731377
"Wh00050",-1.10759643789311,0.404694664994788,-0.384920700276447,-0.329995059800051,0.142763844222252,2.59027223348805,3.34604414585367
"Wh00051",1.37660010989011,3.17680780378155,-0.289933596511313,-0.034173944029502,-0.0934728367775617,-0.659851946573414,-2.00385260863572
"Wh00065",-2.05744420114716,-1.66687236550391,-0.386969982522416,1.09628191434225,0.3638118137024,3.59992950310483,5.49797447505033
"Wh01001",-1.05459058791747,-0.634917512021408,0.149567943101756,0.42191256261043,0.130007468364951,0.255054792753421,2.22310521291105
"Wh03031",-1.16433195772164,-1.70470284168645,0.10024264122004,0.874722343053119,0.0428737611069603,-0.260324843587841,0.455502251366689
"Wh04020a",-0.914604746709373,-1.09849222373671,0.103844834520705,0.0759734146667414,0.100579157000894,0.130612267523891,1.4529767739929
"Wh04036V",0.518939115909711,2.06488379856129,-0.0543184635012137,0.308284826791701,0.024885916504824,-0.439267317534659,-0.0377997582822594
"Wh05032a",-1.3331300722462,-2.37330554598334,-0.138035450192795,-0.349528721720543,0.253561274066367,2.72721525628283,2.5742144346213
"Wh05051",-2.7500118968825,-5.08412056755552,0.147027908509011,-1.34813434846938,0.227066539866282,2.97373512825387,3.51999609622823
"Wh05066a",-0.740505440775827,-2.94957069431093,-0.207026250378855,0.153762618806029,0.126586053032012,3.38322875727918,5.87290890520187
"Wh05081a",0.121135767552652,-0.0781985093231762,0.0171151402246861,0.105957427841072,-0.0370507711783696,0.805636198467167,1.10467026445692
"Wh07013",-1.49561271276152,-2.66493451598963,-0.0378917957236161,0.412714033719634,0.159450108639465,2.30718295149907,1.72595313065075
"Wh07020a",-2.12380518745697,-4.65289782193431,0.166551830414771,-0.603374318275935,0.216120045970604,1.48244894086074,1.01071339936403
"Wh07051",0.277563064457867,-0.416897627110323,-0.20847732610736,0.132893749737603,0.00160425097572556,1.17910658433356,1.43411857694568
"Wh07061a",1.41023668080041,-0.0213305551476378,-0.0425193858994963,0.429448938820117,-0.0823783687835096,0.871713998556698,5.52517239334776
"Wh07165R",-1.86985503059852,-0.711841212015823,-0.381635651372985,0.0693449692546738,0.253413716524722,2.67342020800066,5.35566414644024
"Wh07166R",0.548999642763093,-0.897590433881167,-0.0489976412224854,0.292625286174914,-0.0492507835852816,1.55182445290255,2.8036312276091
"Wh08022",-0.77943469910902,-2.56444658827317,0.189549011926353,-0.317420052117551,0.00370473894930827,-0.342306594778575,-2.57369811083326
"Wh08042",-1.19345496324886,-0.721074918950768,0.423200462336934,0.0323582391919132,0.147672173740093,-0.817277666030251,0.547081410867387
"Wh08091",0.522132326080187,0.361260789902184,0.124087897383555,-0.613775260537445,-0.0562584897354197,-0.857804551587999,0.357997197166321
"Wh08092",-1.04900640478953,-1.4113125201845,0.202563657413896,0.0563134530522544,0.149483352215932,0.535975159895515,-0.828444187850907
"Wh08115b",-1.09938583022119,-1.56015837280606,0.44975812598213,-0.0991215799516587,0.142978037811504,-0.267254538594968,1.29177287494098
"Wh09009",0.695690495519779,-0.680518381916546,0.0400877643577377,-0.775777109048895,-0.0996888994365816,-0.514943131043573,-1.15176253448329
"Wh09033",-0.981759609712053,-1.36958166076931,0.208920500943814,0.300284245503965,0.154211429078646,-0.27916772342808,0.613983876056187
"Wh09061",-0.940605767257446,-2.54341268043401,0.127118857336973,1.06788637092761,0.122809333762019,0.543103491664908,1.92124399642156
"Wh09068",0.38601718901769,-0.859293784619118,-0.211352193075562,0.505432517147122,0.0090748496597826,2.4827115419909,9.05250569757151
"Wh09075",-0.509808776323599,-1.04290621686928,0.172700630312493,-0.29574990363541,0.0522257185711673,0.0139519198016599,1.33683240063463
"Wh09083",-0.137781516781136,-0.320839824357965,-0.0690763485093174,0.558169317800726,-0.0108257709625869,0.62590752970564,0.646725707340429
"Wh09087",-0.567207594298814,0.984250277754591,-0.179647260108455,-0.105152315087452,0.101933657446729,1.37580411771701,2.95987144225646
"Wh09117R",-2.65677901334965,-3.1642126830416,0.693946038016428,1.47276084285507,0.374840805273197,-0.352426356355123,-1.65772442322858
"Wh09126R",0.148259984970488,-2.061368031082,0.0858638169342326,-1.33759223681908,-0.178528001389517,-1.23151941492599,-2.46841306680211
"Wh09137R",-1.55666277336219,-2.90347294426448,0.120047651103391,0.839374551929351,0.14275949208202,0.674663542393087,-0.439561064144203
"Wh09141R",-0.364131654769739,0.809874421560561,-0.394708957952838,-0.0539298564177185,0.0869836032266238,2.02504671534397,7.10571435641808
"Wh10006R",0.972367983618666,2.49693750272645,-0.00809614099706769,0.790310124822892,-0.038549589234286,-1.5880937433023,0.05111418512516
"Wh10034R",-1.76656324430563,-2.4197824011565,0.380385642086541,1.25392462975451,0.199753578065244,-0.324196869092967,-1.87379295971194
"Wh10035R",0.531349310114192,-0.645559696725918,0.112017879194928,-0.484380142722891,-0.149560205065177,-2.31859494844155,-3.69967383894499
"Wh10046R",-2.49965677598462,-3.36164345415857,-0.111404360914782,-0.0103847048226546,0.499078347641185,4.2228873415225,5.76617410460057
"Wh10049R",-1.88109929625961,-2.54042743957893,0.278741363695507,1.33076272738061,0.222358220622884,0.618609096400014,0.535210418468372
"Wh10080",1.97739800983331,-0.784332496954084,-0.281676943683038,-0.121135848064143,-0.100614651296316,1.64388896541834,8.90697310693694
"Wh10110R",-1.04746824346216,-0.554871910591577,-0.141216065652126,0.861898493575641,0.17017464598525,1.50396538888857,2.21493086531534
"Wh10113R",-1.56492795125405,-0.787132952976551,-0.179655716275398,0.420938909019193,0.26284050644879,4.08907838018607,5.8150459478533
"Wh10140R",0.153655166812765,0.830694690709647,-0.132086907847167,0.223976704347219,0.0385439856636614,0.372906763132114,0.456150446750994
"Wh10163",-0.156323395745606,1.97393770126192,-0.258497814338285,-0.0720501404132626,0.0064060571949481,-0.53381383387498,-4.79227065810578
"Wh10173V",0.240704485227395,1.70658589488898,-0.241312073147589,-0.0417602317732195,-0.00462979367973083,0.624882805243386,-1.54001881144182
"Wh10216V",0.860565790211558,-0.548376495671588,-0.212422073295129,1.04323683382281,-0.0679650175460972,1.0046787521512,4.9006423762731
"Wh10231V",-0.0172546158401304,1.08414116285447,-0.277495105765621,-0.0621129298768563,0.0952826933009496,1.09588338201447,-0.361509997802251
"Wh10802R",1.15369563270904,6.76578951195875,0.0866036146366251,-0.333580445934538,-0.0659518998216836,-3.49984153427321,-8.45063128901638
"Wh10804R",3.45493776267548,7.92335022029099,0.0432333040269297,-0.39167652340851,-0.267354603919869,-4.17875416654506,-7.6046613303659
"Wh1095407-2",-0.52615863397797,1.64322723236962,0.199278320111789,-0.168415995827279,0.113823335988278,-1.04220030453058,-2.37996012937571
"Wh92047",-0.1428427197718,1.35615305030942,0.116307030196804,2.60485849827652,0.108122577476265,-1.85099306737265,-8.98973035403483
"Wh92054",0.624189280812229,2.22486805752762,-0.203709021248575,0.270355282896046,-0.0776057306937014,0.416565722768676,1.66719695179619
"Wh9261",0.0663173149165105,-0.0524462646825673,0.396991849895373,-0.682322870688203,-0.107383574547948,-2.36978435489974,-5.72534217680809
"Wh93006",-0.628637855000818,-0.132878759085137,-0.087304771454041,-0.256972119937017,0.0583943647196971,1.17780345294389,2.71660653825425
"Wh93016",-0.437494412799323,-1.48870705119943,-0.0156292245414141,0.41557846372097,0.0855455587852906,0.674890427252102,1.81197048256401
"Wh93017",-0.329778838499555,-1.78849193665326,0.0951619530677457,0.183726701473605,0.0618442000026127,1.77151415689401,1.7719827245652
"Wh94053",-1.33627128890074,1.28762705846774,-0.330478637406184,-0.619180482267619,0.0915299714226885,0.952777397144962,-2.27943625935663
"Wh95016a",-0.306574001396246,-0.935031212674115,0.409151280899387,0.302271327985583,-0.0511775254622829,-1.59164766583204,-5.97249562229103
"Wh96011",-1.76214445469488,-2.05981067529174,0.345802728607213,-0.248019734985112,0.157119973046599,-0.0172870893702916,-0.566206306889502
"Wh96015",-0.212884952917611,-1.46150650499947,-0.073486526948435,-0.229689757501815,0.0676725053148607,0.702521396758257,4.34844721179146
"Wh96034",-0.0931053690209545,3.01087897534877,-0.23681324189227,-0.31784445538744,0.0107457755449216,-0.351007840920123,-0.542256291888267
"Wh98044",-0.0125089449856553,1.07557986717037,-0.30795411702755,1.09915388241251,0.046411584057595,1.40535393418511,4.35170726536924
"Wh98063",0.515964061005886,0.0666096126552504,0.11920999228441,-0.967481091468211,-0.10822174544353,-1.24260860803773,-2.70071793632261
"Wuh07177i",3.78454839771768,7.22880051730125,-0.430860778348532,-0.48688029513226,-0.375751873828448,-2.38141356023293,-7.26820403779464
"Wuh07182i",0.480477661200919,0.20138502523204,-0.0302553372298244,0.151069278848969,-0.0424858470633397,-0.148859284156469,2.80074234537317
"Wuh07183i",-0.476368889417814,-0.742419959735722,0.015496653753162,-0.450701709701681,0.0655676304225402,0.196455949134405,-2.84594473272317
"Wuh07186i",2.7625759299582,2.40229528970533,0.172875045361569,-0.428382459728359,-0.385354089993504,-3.11902668563957,-2.32510061996198
"Wuh07413i",-0.714910274255287,-1.77781715392661,0.0633648490605662,-0.389344367671562,0.0417490893547306,0.362565320351112,4.13547115222319
"Wuh07422i",0.869219045757193,-0.233579693889914,0.00118952621507837,-1.22166843448269,-0.336623111555553,-1.68186934122936,-3.03712928367191
"Wuh07429i",-0.224575615186291,-1.89783800228158,0.27535581296366,-0.806018029585845,-0.13500334785925,-1.18122414272721,-1.59270057373866
"Wuh07466i",2.04362386424107,-1.31966446901238,0.050240476017026,-0.35699790520041,-0.34896668838664,-0.770973361980184,0.482180210545192
"Wuh07469i",2.47834410960425,3.17921031926182,-0.20855826601336,-0.564461806793022,-0.33068001218898,-2.19659927009683,-1.1854764574645
"Wuh07481i",0.867873389903086,-0.437319815388109,0.0570333044822368,0.0416644420577854,-0.221490138858348,-1.41016286815906,0.987047496064552
"Wuh08127i",4.63602394093189,8.79482665386943,-0.617538265733269,-0.938245435021027,-0.47221430461537,-3.17011521289284,-9.69916083316385
"Wuh09093i",0.15203583952046,1.91779814474223,-0.388038743003557,0.371392934867232,0.0069227058298289,1.29022663658825,4.74363918204263
"Wuh09097i",0.830780037964139,-2.52458875075213,-0.0475917266676091,-0.544287430011438,-0.209648865754397,0.491582067325421,1.46277057483357
"Wuh09098i",0.834314260952666,1.76829671808425,-0.396923352223362,-0.0112402220213365,-0.0843165421589297,0.677273189319345,5.55036191113702
"Wuh09144i",-0.64135077586373,-0.47171322606231,0.032900012712852,0.638344115942796,0.0470885093579048,-0.298986342294613,1.23049102238159
"Wuh09149i",-1.11399333504744,-0.166183758862928,0.217094052184743,0.097726102108563,0.0618758249253523,-0.880179453127961,-2.64815756728235
"Wuh09150i",1.72928779290213,-0.882384616799056,-0.0928868822257273,-0.112496990823578,-0.151938344645412,0.127533825766821,2.14294707647867
"Wuh09153i",0.83178044413373,0.93529541650573,-0.132206491332302,-0.808267480631727,-0.174081158197132,-0.689242851952403,2.51856794848005
"Wuh09164i",-0.953521019851174,-3.8159779424604,0.0328934766260937,0.851347136968906,0.0788512841013104,0.893097378526971,2.12617139139215
"Wuh09170i",-0.815156660419828,-1.55125533599803,0.0971794334138486,0.426756119780056,0.023743767956945,-0.414612353421858,-0.722346769375688
"Wuh09174i",2.52871410037227,1.79541151209138,-0.0209267491396466,-1.51786326277515,-0.443347599343893,-2.20401283137074,-1.05721738514152
"Wuh09183i",2.29848272216424,1.3390164539574,0.0636642678659388,-1.18797501949525,-0.43447830750759,-1.97303817245267,-2.17748466611818
"Wuh09188i",0.209608843878763,-0.0353247258503895,-0.112079492323709,-0.664451024508158,-0.157715934996393,-0.266417694789996,-1.10999051043565
"Wuh09191i",-1.14409922021852,-2.67155037773005,-0.0198149248864332,-0.0337918517098424,0.0677795596799171,1.83207924295567,8.4467506607457
"Wuh98032",-2.08904273169424,-3.10724804220417,-0.0580516691152298,0.62539352184048,0.297284163045208,3.23394049882938,9.34240239402016
