
File Name:      C:\USERS\DUSTIN\DESKTOP\SWEETCORN\LILY\WSMDP_ALLSAMPLES_INCLVAL_WWET_WSMDP2021GLSTPLS.DAT  ASCII File
Last Update:    Wed Mar 03 11:59:15 2021
Number of Lines:        354             Longest Line Width:     161
Lines Scrolled Down:    0

ASCII File:  C:\USERS\DUSTIN\DESKTOP\SWEETCORN\LILY\WSMDP_ALLSAMPLES_INCLVAL_WWET_WSMDP2021GLSTPLS.DAT
Files C:\Users\Dustin\Desktop\sweetcorn\Lily\wsmdp_allsamples_includingvalidation_wwetlab.cal vs. C:\Users\Dustin\Desktop\sweetcorn\Lily\wsmdp2021glstpls-eqa.anl

Starch vs. Starch

SEP:               4.847                        Num. Samps:          104
Means:            16.796          16.834        Std. Devs:         9.252           7.919 
Bias:             -0.038                        Bias Limit:        3.443
SEP(C):            4.870                        SED(C) Limit:      7.461
Slope:             0.993                        RSQ:               0.723 
Ave. Global H:     0.000                        Ave. Neigh. H:     0.000 

Pos.    Sample No.      Lab     ANL     Residual        Bias    GH1     NH1

     1 14W32119      14.281  19.418      -5.137*     -5.098   0.000    0.000 
     2 14W32479      15.243  19.133      -3.890*     -3.851   0.000    0.000 
     3 14NY0767-2     3.288  13.757     -10.469*    -10.430   0.000    0.000 
     4 14NY0767-1     6.075  14.407      -8.332*     -8.294   0.000    0.000 
     5 14NY0537-2     7.749  13.224      -5.476*     -5.437   0.000    0.000 
     6 14NY0643-2    10.324   8.656       1.668       1.706   0.000    0.000 
     7 14NY0568-1    10.376  11.178      -0.802      -0.764   0.000    0.000 
     8 14NY0166-1     1.606   9.329      -7.722*     -7.684   0.000    0.000 
     9 14NY0568-2    18.382  14.227       4.155*      4.193   0.000    0.000 
    10 14NY0313-1    12.248   6.578       5.670*      5.708   0.000    0.000 
    11 14NY0592-1    15.188  15.057       0.130       0.169   0.000    0.000 
    12 14NY0832-2    33.212  26.971       6.241*      6.279   0.000    0.000 
    13 14NY0263-1    22.426  16.576       5.849*      5.888   0.000    0.000 
    14 14NY0453-2    25.204  17.803       7.401*      7.439   0.000    0.000 
    15 14NY0536-1    11.423  13.748      -2.325      -2.287   0.000    0.000 
    16 14NY0735-1    20.629  20.700      -0.070      -0.032   0.000    0.000 
    17 14NY0535-1    13.115  14.847      -1.731      -1.693   0.000    0.000 
    18 14NY0045-1    12.198  14.342      -2.144      -2.106   0.000    0.000 
    19 14NY0536-2    17.327  18.518      -1.192      -1.153   0.000    0.000 
    20 14NY0120-1    16.158  17.007      -0.849      -0.811   0.000    0.000 
    21 14NY0617-2    28.398  23.817       4.581*      4.619   0.000    0.000 
    22 14NY0120-2    22.244  16.245       5.999*      6.037   0.000    0.000 
    23 14NY0238-1    28.113  24.492       3.621*      3.659   0.000    0.000 
    24 14NY0097-1    12.649  18.465      -5.816*     -5.778   0.000    0.000 
    25 14NY0410-1    25.912  18.539       7.374*      7.412   0.000    0.000 
    26 14NY0846-2     8.849  12.314      -3.465*     -3.427   0.000    0.000 
    27 14NY0428-2    12.081  13.421      -1.339      -1.301   0.000    0.000 
    28 14NY0809-1     9.133  12.500      -3.367*     -3.328   0.000    0.000 
    29 14NY0825-2    13.780  18.282      -4.502*     -4.464   0.000    0.000 
    30 14NY0496-2    17.773  14.460       3.314*      3.352   0.000    0.000 
    31 14NY0399-1    14.501  15.640      -1.139      -1.100   0.000    0.000 
    32 14NY0263-2    17.195   9.576       7.619*      7.658   0.000    0.000 
    33 14NY0262-1    30.380  32.626      -2.246      -2.208   0.000    0.000 
    34 14NY0252-2    18.743  16.165       2.578*      2.616   0.000    0.000 
    35 14NY0237-1    14.673  12.175       2.498       2.536   0.000    0.000 
    36 14NY0258-2     3.034  10.304      -7.269*     -7.231   0.000    0.000 
    37 14NY0261-1    24.381  22.534       1.847       1.886   0.000    0.000 
    38 14NY0237-2    13.209  10.623       2.586*      2.625   0.000    0.000 
    39 14NY0408-2    17.174  19.778      -2.604*     -2.566   0.000    0.000 
    40 14NY0403-2    13.185  14.391      -1.206      -1.168   0.000    0.000 
    41 14NY0496-1    25.279  14.533      10.747*     10.785   0.000    0.000 
    42 14NY0258-1    12.538   8.579       3.960*      3.998   0.000    0.000 
    43 14NY0413-1     7.268   3.920       3.348*      3.386   0.000    0.000 
    44 14NY0347-2    18.258  17.123       1.135       1.173   0.000    0.000 
    45 15W2404-1      6.699   2.745       3.954*      3.992   0.000    0.000 
    46 15W2968-1     10.090   8.114       1.976       2.014   0.000    0.000 
    47 15W2554-1      6.452   6.029       0.423       0.462   0.000    0.000 
    48 15W2807-2     16.392  10.386       6.006*      6.044   0.000    0.000 
    49 15W3205-2      7.896  13.020      -5.124*     -5.086   0.000    0.000 
    50 15W2413-1     36.014  34.524       1.490       1.529   0.000    0.000 
    51 15W2349        7.246  10.210      -2.965*     -2.927   0.000    0.000 
    52 15W2344       22.368  19.400       2.967*      3.006   0.000    0.000 
    53 15W3001-2     10.033   6.047       3.986*      4.025   0.000    0.000 
    54 15W2942-1     40.304  35.177       5.127*      5.165   0.000    0.000 
    55 15W3019-1     15.725  15.835      -0.110      -0.072   0.000    0.000 
    56 15W3401-2     10.352   6.622       3.730*      3.768   0.000    0.000 
    57 15W3550-1     25.514  22.078       3.436*      3.474   0.000    0.000 
    58 15NY0718      15.158  15.028       0.130       0.169   0.000    0.000 
    59 15NY0484       3.169   8.116      -4.948*     -4.909   0.000    0.000 
    60 15NY0788      28.240  21.837       6.404*      6.442   0.000    0.000 
    61 15NY0841      16.748  16.921      -0.173      -0.134   0.000    0.000 
    62 15NY0289      27.799  24.474       3.325*      3.363   0.000    0.000 
    63 15NY0533      11.869  20.058      -8.189*     -8.151   0.000    0.000 
    64 15NY0724      17.853  16.617       1.237       1.275   0.000    0.000 
    65 15NY0804      23.728  21.259       2.470       2.508   0.000    0.000 
    66 15NY0720      15.661  16.824      -1.163      -1.125   0.000    0.000 
    67 14NY0609      22.394  17.873       4.521*      4.559   0.000    0.000 
    68 14NY0609      22.394  13.886       8.508*      8.546   0.000    0.000 
    69 14W32040-1    15.759   6.866       8.893*      8.931   0.000    0.000 
    70 14NY0878      28.243  31.187      -2.943*     -2.905   0.000    0.000 
    71 14W30324-1    34.645  33.171       1.474       1.512   0.000    0.000 
    72 14NY0878      28.243  34.057      -5.814*     -5.776   0.000    0.000 
    73 14W30517-1    22.891  14.631       8.260*      8.298   0.000    0.000 
    74 14W31102-1    35.471  33.597       1.873       1.912   0.000    0.000 
    75 14NY0746-2     1.949  10.703      -8.754*     -8.716   0.000    0.000 
    76 14NY0501-2     2.458   9.798      -7.341*     -7.302   0.000    0.000 
    77 14NY0246-1    11.630   8.307       3.323*      3.361   0.000    0.000 
    78 14NY0501-1     7.592  10.717      -3.124*     -3.086   0.000    0.000 
    79 14NY0501-2     2.458  11.162      -8.704*     -8.666   0.000    0.000 
    80 14NY0746-1     4.431  12.946      -8.515*     -8.477   0.000    0.000 
    81 14NY0501-1     7.592  10.965      -3.373*     -3.334   0.000    0.000 
    82 14NY0444-1     8.556  12.338      -3.782*     -3.744   0.000    0.000 
    83 14NY0656-2    25.025  31.595      -6.569*     -6.531   0.000    0.000 
    84 14NY0656-2    25.025  31.814      -6.789*     -6.750   0.000    0.000 
    85 14NY0440-1    39.875  38.204       1.671       1.710   0.000    0.000 
    86 14NY0440-1    39.875  38.470       1.405       1.443   0.000    0.000 
    87 14NY0617-2    28.398  24.687       3.711*      3.749   0.000    0.000 
    88 14NY0617-2    28.398  24.828       3.570*      3.608   0.000    0.000 
    89 14NY0656-1    24.623  28.360      -3.737*     -3.699   0.000    0.000 
    90 14NY0656-1    24.623  28.550      -3.927*     -3.888   0.000    0.000 
    91 14NY0444-1     8.556  12.714      -4.158*     -4.120   0.000    0.000 
    92 14NY0444-1     8.556  13.000      -4.445*     -4.406   0.000    0.000 
    93 14NY0444-1     8.556  12.640      -4.084*     -4.046   0.000    0.000 
    94 15W2807-2     16.392  13.287       3.105*      3.143   0.000    0.000 
    95 15W2807-2     16.392  13.435       2.958*      2.996   0.000    0.000 
    96 15W2807-2     16.392  13.578       2.814*      2.852   0.000    0.000 
    97 15W3205-2      7.896  17.949     -10.053*    -10.015   0.000    0.000 
    98 15W3205-2      7.896  17.823      -9.927*     -9.889   0.000    0.000 
    99 15W3146-2      8.538   9.484      -0.946      -0.907   0.000    0.000 
   100 15W3146-2      8.538   9.754      -1.216      -1.178   0.000    0.000 
   101 15W2610-2     12.106   9.658       2.448       2.486   0.000    0.000 
   102 15W2610-2     12.106   9.698       2.408       2.446   0.000    0.000 
   103 14NY0617-1    25.893  20.853       5.040*      5.078   0.000    0.000 
   104 14NY0617-1    25.893  20.870       5.023*      5.061   0.000    0.000 



Total_Poly vs. Total_Poly

SEP:               5.511                        Num. Samps:          103
Means:            26.183          26.168        Std. Devs:        11.136           9.601 
Bias:              0.015                        Bias Limit:        0.600
SEP(C):            5.538*                       SED(C) Limit:      1.300
Slope:             1.006                        RSQ:               0.753 
Ave. Global H:     0.000                        Ave. Neigh. H:     0.000 

Pos.    Sample No.      Lab     ANL     Residual        Bias    GH1     NH1

     1 14W32119      38.269  41.254      -2.985*     -3.001   0.000    0.000 
     2 14W32479      24.729  37.016     -12.287*    -12.302   0.000    0.000 
     3 14NY0767-2     3.229   9.666      -6.437*     -6.452   0.000    0.000 
     4 14NY0767-1     4.957   7.468      -2.510*     -2.525   0.000    0.000 
     5 14NY0537-2     1.121   2.858      -1.737      -1.752   0.000    0.000 
     6 14NY0643-2    12.809   6.201       6.608*      6.593   0.000    0.000 
     7 14NY0568-1     3.840   9.393      -5.553*     -5.568   0.000    0.000 
     8 14NY0166-1     3.981   8.491      -4.510*     -4.525   0.000    0.000 
     9 14NY0568-2    18.831  13.452       5.379*      5.364   0.000    0.000 
    10 14NY0313-1     5.010  10.518      -5.508*     -5.523   0.000    0.000 
    11 14NY0592-1    32.699  33.419      -0.720      -0.735   0.000    0.000 
    12 14NY0832-2    35.399  35.122       0.277       0.262   0.000    0.000 
    13 14NY0263-1    34.656  29.846       4.810*      4.795   0.000    0.000 
    14 14NY0453-2    42.719  37.996       4.723*      4.708   0.000    0.000 
    15 14NY0536-1    28.151  29.829      -1.678      -1.693   0.000    0.000 
    16 14NY0735-1    17.900  30.075     -12.174*    -12.190   0.000    0.000 
    17 14NY0535-1    22.693  28.161      -5.468*     -5.483   0.000    0.000 
    18 14NY0045-1    20.567  29.349      -8.782*     -8.797   0.000    0.000 
    19 14NY0536-2    16.255  29.247     -12.992*    -13.007   0.000    0.000 
    20 14NY0120-1    33.344  27.468       5.876*      5.861   0.000    0.000 
    21 14NY0617-2    35.246  28.489       6.757*      6.742   0.000    0.000 
    22 14NY0120-2    26.307  19.788       6.519*      6.504   0.000    0.000 
    23 14NY0238-1    38.456  31.912       6.544*      6.529   0.000    0.000 
    24 14NY0097-1    24.344  31.286      -6.943*     -6.958   0.000    0.000 
    25 14NY0410-1    27.694  29.275      -1.581      -1.596   0.000    0.000 
    26 14NY0846-2    21.360  26.515      -5.155*     -5.170   0.000    0.000 
    27 14NY0428-2    32.826  35.887      -3.061*     -3.076   0.000    0.000 
    28 14NY0809-1    34.854  31.844       3.011*      2.995   0.000    0.000 
    29 14NY0825-2    33.715  32.458       1.257       1.242   0.000    0.000 
    30 14NY0496-2    33.100  30.485       2.616*      2.600   0.000    0.000 
    31 14NY0399-1    18.928  23.164      -4.236*     -4.251   0.000    0.000 
    32 14NY0263-2    33.796  30.438       3.359*      3.343   0.000    0.000 
    33 14NY0262-1    33.294  35.968      -2.674*     -2.689   0.000    0.000 
    34 14NY0252-2    25.651  26.460      -0.809      -0.824   0.000    0.000 
    35 14NY0237-1    29.535  31.470      -1.935      -1.950   0.000    0.000 
    36 14NY0258-2    12.672  21.229      -8.557*     -8.572   0.000    0.000 
    37 14NY0261-1    43.338  40.215       3.123*      3.108   0.000    0.000 
    38 14NY0237-2    31.967  29.674       2.292       2.277   0.000    0.000 
    39 14NY0408-2    38.732  34.368       4.364*      4.349   0.000    0.000 
    41 14NY0496-1    36.266  29.742       6.524*      6.509   0.000    0.000 
    42 14NY0258-1    24.140  23.006       1.134       1.119   0.000    0.000 
    43 14NY0413-1    20.269  15.215       5.053*      5.038   0.000    0.000 
    44 14NY0347-2    36.292  23.261      13.031*     13.016   0.000    0.000 
    45 15W2404-1     10.040   9.181       0.859       0.844   0.000    0.000 
    46 15W2968-1      2.855  10.947      -8.093*     -8.108   0.000    0.000 
    47 15W2554-1      9.803   7.621       2.182       2.167   0.000    0.000 
    48 15W2807-2     36.717  30.656       6.061*      6.046   0.000    0.000 
    49 15W3205-2     31.641  32.771      -1.130      -1.145   0.000    0.000 
    50 15W2413-1     40.809  39.899       0.910       0.895   0.000    0.000 
    51 15W2349       15.742  30.569     -14.827*    -14.843   0.000    0.000 
    52 15W2344       37.303  34.167       3.136*      3.121   0.000    0.000 
    53 15W3001-2     27.584  24.134       3.449*      3.434   0.000    0.000 
    54 15W2942-1     36.507  36.304       0.203       0.188   0.000    0.000 
    55 15W3019-1     42.708  34.355       8.353*      8.337   0.000    0.000 
    56 15W3401-2     23.727  23.143       0.584       0.568   0.000    0.000 
    57 15W3550-1     32.708  28.112       4.596*      4.581   0.000    0.000 
    58 15NY0718      29.432  26.573       2.859*      2.843   0.000    0.000 
    59 15NY0484      19.838  20.936      -1.098      -1.114   0.000    0.000 
    60 15NY0788      32.280  30.345       1.935       1.920   0.000    0.000 
    61 15NY0841      39.286  33.123       6.164*      6.148   0.000    0.000 
    62 15NY0289      41.308  35.985       5.323*      5.308   0.000    0.000 
    63 15NY0533      30.137  25.030       5.107*      5.092   0.000    0.000 
    64 15NY0724      27.177  28.775      -1.598      -1.613   0.000    0.000 
    65 15NY0804      33.552  30.933       2.620*      2.604   0.000    0.000 
    66 15NY0720      26.698  26.660       0.037       0.022   0.000    0.000 
    67 14NY0609      14.690  17.671      -2.981*     -2.996   0.000    0.000 
    68 14NY0609      14.690  12.308       2.382       2.367   0.000    0.000 
    69 14W32040-1    28.239  14.691      13.548*     13.533   0.000    0.000 
    70 14NY0878      29.495  35.470      -5.976*     -5.991   0.000    0.000 
    71 14W30324-1    34.675  35.537      -0.862      -0.877   0.000    0.000 
    72 14NY0878      29.495  34.648      -5.154*     -5.169   0.000    0.000 
    73 14W30517-1    32.890  22.743      10.147*     10.132   0.000    0.000 
    74 14W31102-1    34.243  37.463      -3.220*     -3.235   0.000    0.000 
    75 14NY0746-2    25.167  27.232      -2.065      -2.080   0.000    0.000 
    76 14NY0501-2    16.149  26.655     -10.506*    -10.521   0.000    0.000 
    77 14NY0246-1    41.382  25.362      16.019*     16.004   0.000    0.000 
    78 14NY0501-1    23.384  26.863      -3.479*     -3.495   0.000    0.000 
    79 14NY0501-2    16.149  21.467      -5.318*     -5.334   0.000    0.000 
    80 14NY0746-1    24.358  26.090      -1.732      -1.748   0.000    0.000 
    81 14NY0501-1    23.384  18.334       5.050*      5.034   0.000    0.000 
    82 14NY0444-1    10.444  16.151      -5.707*     -5.722   0.000    0.000 
    83 14NY0656-2    31.183  34.330      -3.147*     -3.163   0.000    0.000 
    84 14NY0656-2    31.183  34.553      -3.370*     -3.386   0.000    0.000 
    85 14NY0440-1    43.036  42.587       0.449       0.434   0.000    0.000 
    86 14NY0440-1    43.036  43.069      -0.033      -0.049   0.000    0.000 
    87 14NY0617-2    35.246  29.890       5.357*      5.341   0.000    0.000 
    88 14NY0617-2    35.246  30.151       5.096*      5.080   0.000    0.000 
    89 14NY0656-1    24.264  29.518      -5.253*     -5.268   0.000    0.000 
    90 14NY0656-1    24.264  30.066      -5.801*     -5.816   0.000    0.000 
    91 14NY0444-1    10.444  13.255      -2.811*     -2.826   0.000    0.000 
    92 14NY0444-1    10.444  13.773      -3.329*     -3.345   0.000    0.000 
    93 14NY0444-1    10.444  13.948      -3.504*     -3.520   0.000    0.000 
    94 15W2807-2     36.717  32.338       4.379*      4.364   0.000    0.000 
    95 15W2807-2     36.717  32.944       3.773*      3.758   0.000    0.000 
    96 15W2807-2     36.717  32.960       3.758*      3.742   0.000    0.000 
    97 15W3205-2     31.641  32.828      -1.187      -1.202   0.000    0.000 
    98 15W3205-2     31.641  33.078      -1.437      -1.452   0.000    0.000 
    99 15W3146-2      8.639   7.084       1.555       1.540   0.000    0.000 
   100 15W3146-2      8.639   7.353       1.286       1.271   0.000    0.000 
   101 15W2610-2     10.848  10.721       0.128       0.112   0.000    0.000 
   102 15W2610-2     10.848  10.988      -0.140      -0.155   0.000    0.000 
   103 14NY0617-1    32.522  30.881       1.641       1.626   0.000    0.000 
   104 14NY0617-1    32.522  31.106       1.416       1.401   0.000    0.000 



WSP vs. WSP

SEP:               4.976                        Num. Samps:          103
Means:             9.352           9.067        Std. Devs:         9.031           7.973 
Bias:              0.285                        Bias Limit:        0.600
SEP(C):            4.992*                       SED(C) Limit:      1.300
Slope:             0.945                        RSQ:               0.697 
Ave. Global H:     0.000                        Ave. Neigh. H:     0.000 

Pos.    Sample No.      Lab     ANL     Residual        Bias    GH1     NH1

     1 14W32119      23.987  19.732       4.256*      3.970   0.000    0.000 
     2 14W32479       9.486  15.719      -6.233*     -6.518   0.000    0.000 
     3 14NY0767-2    -0.059  -1.216       1.157       0.872   0.000    0.000 
     4 14NY0767-1    -1.118  -5.226       4.109*      3.823   0.000    0.000 
     5 14NY0537-2    -6.628 -13.802       7.174*      6.888   0.000    0.000 
     6 14NY0643-2     2.486  -4.933       7.418*      7.133   0.000    0.000 
     7 14NY0568-1    -6.536  -3.288      -3.248*     -3.534   0.000    0.000 
     8 14NY0166-1     2.374   1.560       0.815       0.529   0.000    0.000 
     9 14NY0568-2     0.449  -1.874       2.323       2.038   0.000    0.000 
    10 14NY0313-1    -7.238   4.433     -11.670*    -11.956   0.000    0.000 
    11 14NY0592-1    17.511  17.070       0.441       0.156   0.000    0.000 
    12 14NY0832-2     2.187   5.145      -2.958*     -3.243   0.000    0.000 
    13 14NY0263-1    12.230  12.716      -0.486      -0.771   0.000    0.000 
    14 14NY0453-2    17.515  16.773       0.742       0.457   0.000    0.000 
    15 14NY0536-1    16.728  15.828       0.901       0.615   0.000    0.000 
    16 14NY0735-1    -2.729   9.435     -12.164*    -12.449   0.000    0.000 
    17 14NY0535-1     9.578  14.653      -5.075*     -5.361   0.000    0.000 
    18 14NY0045-1     8.369  15.604      -7.235*     -7.520   0.000    0.000 
    19 14NY0536-2    -1.072   9.559     -10.631*    -10.916   0.000    0.000 
    20 14NY0120-1    17.186  12.139       5.047*      4.761   0.000    0.000 
    21 14NY0617-2     6.848   3.003       3.845*      3.559   0.000    0.000 
    22 14NY0120-2     4.063   4.552      -0.489      -0.774   0.000    0.000 
    23 14NY0238-1    10.343   6.971       3.372*      3.087   0.000    0.000 
    24 14NY0097-1    11.695  12.314      -0.619      -0.905   0.000    0.000 
    25 14NY0410-1     1.782   9.717      -7.936*     -8.221   0.000    0.000 
    26 14NY0846-2    12.511  14.188      -1.676      -1.962   0.000    0.000 
    27 14NY0428-2    20.745  21.648      -0.903      -1.188   0.000    0.000 
    28 14NY0809-1    25.721  20.478       5.243*      4.958   0.000    0.000 
    29 14NY0825-2    19.935  13.760       6.175*      5.890   0.000    0.000 
    30 14NY0496-2    15.327  17.401      -2.074      -2.359   0.000    0.000 
    31 14NY0399-1     4.427   6.198      -1.771      -2.056   0.000    0.000 
    32 14NY0263-2    16.601  21.861      -5.260*     -5.545   0.000    0.000 
    33 14NY0262-1     2.914   2.688       0.225      -0.060   0.000    0.000 
    34 14NY0252-2     6.909  12.009      -5.101*     -5.386   0.000    0.000 
    35 14NY0237-1    14.862  18.694      -3.831*     -4.117   0.000    0.000 
    36 14NY0258-2     9.637  12.935      -3.297*     -3.583   0.000    0.000 
    37 14NY0261-1    18.957  16.945       2.012       1.727   0.000    0.000 
    38 14NY0237-2    18.758  18.882      -0.124      -0.410   0.000    0.000 
    39 14NY0408-2    21.558  14.054       7.504*      7.218   0.000    0.000 
    41 14NY0496-1    10.987  14.992      -4.005*     -4.290   0.000    0.000 
    42 14NY0258-1    11.602  14.843      -3.241*     -3.527   0.000    0.000 
    43 14NY0413-1    13.000  14.223      -1.222      -1.508   0.000    0.000 
    44 14NY0347-2    18.034   5.534      12.500*     12.214   0.000    0.000 
    45 15W2404-1      3.342   6.993      -3.652*     -3.937   0.000    0.000 
    46 15W2968-1     -7.236   4.457     -11.693*    -11.978   0.000    0.000 
    47 15W2554-1      3.351   4.258      -0.907      -1.193   0.000    0.000 
    48 15W2807-2     20.325  21.532      -1.207      -1.492   0.000    0.000 
    49 15W3205-2     23.745  18.439       5.306*      5.021   0.000    0.000 
    50 15W2413-1      4.795   2.543       2.252       1.967   0.000    0.000 
    51 15W2349        8.496  19.192     -10.695*    -10.981   0.000    0.000 
    52 15W2344       14.936  14.459       0.476       0.191   0.000    0.000 
    53 15W3001-2     17.551  20.226      -2.675*     -2.961   0.000    0.000 
    54 15W2942-1     -3.796  -0.264      -3.533*     -3.818   0.000    0.000 
    55 15W3019-1     26.983  19.154       7.829*      7.544   0.000    0.000 
    56 15W3401-2     13.375  16.923      -3.548*     -3.834   0.000    0.000 
    57 15W3550-1      7.194   4.816       2.378       2.092   0.000    0.000 
    58 15NY0718      14.273  12.876       1.397       1.112   0.000    0.000 
    59 15NY0484      16.670  14.513       2.156       1.871   0.000    0.000 
    60 15NY0788       4.039   8.646      -4.607*     -4.892   0.000    0.000 
    61 15NY0841      22.538  16.904       5.633*      5.348   0.000    0.000 
    62 15NY0289      13.509  10.954       2.555*      2.270   0.000    0.000 
    63 15NY0533      18.268   6.417      11.851*     11.566   0.000    0.000 
    64 15NY0724       9.324  13.577      -4.253*     -4.538   0.000    0.000 
    65 15NY0804       9.824   9.496       0.328       0.043   0.000    0.000 
    66 15NY0720      11.037  10.869       0.168      -0.118   0.000    0.000 
    67 14NY0609      -7.704  -0.909      -6.795*     -7.080   0.000    0.000 
    68 14NY0609      -7.704  -2.559      -5.145*     -5.430   0.000    0.000 
    69 14W32040-1    12.480   6.184       6.296*      6.011   0.000    0.000 
    70 14NY0878       1.251   4.915      -3.664*     -3.949   0.000    0.000 
    71 14W30324-1     0.030   1.766      -1.736      -2.022   0.000    0.000 
    72 14NY0878       1.251   0.243       1.008       0.723   0.000    0.000 
    73 14W30517-1     9.999   8.835       1.165       0.880   0.000    0.000 
    74 14W31102-1    -1.228   2.070      -3.297*     -3.582   0.000    0.000 
    75 14NY0746-2    23.218  18.372       4.846*      4.560   0.000    0.000 
    76 14NY0501-2    13.691  17.635      -3.944*     -4.229   0.000    0.000 
    77 14NY0246-1    29.752  18.995      10.757*     10.472   0.000    0.000 
    78 14NY0501-1    15.792  16.482      -0.690      -0.975   0.000    0.000 
    79 14NY0501-2    13.691  12.428       1.263       0.978   0.000    0.000 
    80 14NY0746-1    19.927  14.814       5.113*      4.828   0.000    0.000 
    81 14NY0501-1    15.792   7.516       8.275*      7.990   0.000    0.000 
    82 14NY0444-1     1.888   3.356      -1.468      -1.754   0.000    0.000 
    83 14NY0656-2     6.158   2.139       4.019*      3.733   0.000    0.000 
    84 14NY0656-2     6.158   2.068       4.089*      3.804   0.000    0.000 
    85 14NY0440-1     3.160   3.974      -0.813      -1.098   0.000    0.000 
    86 14NY0440-1     3.160   4.061      -0.901      -1.186   0.000    0.000 
    87 14NY0617-2     6.848   2.974       3.874*      3.589   0.000    0.000 
    88 14NY0617-2     6.848   3.052       3.796*      3.511   0.000    0.000 
    89 14NY0656-1    -0.359   0.213      -0.572      -0.857   0.000    0.000 
    90 14NY0656-1    -0.359   0.486      -0.844      -1.130   0.000    0.000 
    91 14NY0444-1     1.888  -1.451       3.339*      3.054   0.000    0.000 
    92 14NY0444-1     1.888  -1.301       3.189*      2.903   0.000    0.000 
    93 14NY0444-1     1.888  -0.698       2.586*      2.301   0.000    0.000 
    94 15W2807-2     20.325  20.189       0.136      -0.149   0.000    0.000 
    95 15W2807-2     20.325  20.485      -0.160      -0.445   0.000    0.000 
    96 15W2807-2     20.325  20.339      -0.014      -0.300   0.000    0.000 
    97 15W3205-2     23.745  14.005       9.740*      9.454   0.000    0.000 
    98 15W3205-2     23.745  14.424       9.321*      9.036   0.000    0.000 
    99 15W3146-2      0.101  -4.847       4.948*      4.663   0.000    0.000 
   100 15W3146-2      0.101  -4.918       5.019*      4.734   0.000    0.000 
   101 15W2610-2     -1.258  -1.594       0.336       0.051   0.000    0.000 
   102 15W2610-2     -1.258  -1.428       0.170      -0.115   0.000    0.000 
   103 14NY0617-1     6.629   8.262      -1.633      -1.918   0.000    0.000 
   104 14NY0617-1     6.629   8.424      -1.795      -2.080   0.000    0.000 




