
File Name:      C:\USERS\DUSTIN\DESKTOP\SWEETCORN\LILY\WSMDP_ALLSAMPLES_INCLVAL_WWET_WSMDP2021SU1STPLS.DAT  ASCII File
Last Update:    Wed Mar 03 12:03:20 2021
Number of Lines:        354             Longest Line Width:     162
Lines Scrolled Down:    0

ASCII File:  C:\USERS\DUSTIN\DESKTOP\SWEETCORN\LILY\WSMDP_ALLSAMPLES_INCLVAL_WWET_WSMDP2021SU1STPLS.DAT
Files C:\Users\Dustin\Desktop\sweetcorn\Lily\wsmdp_allsamples_includingvalidation_wwetlab.cal vs. C:\Users\Dustin\Desktop\sweetcorn\Lily\wsmdp2021su1stpls-eqa.anl

Starch vs. Starch

SEP:               5.216                        Num. Samps:          104
Means:            16.796          17.406        Std. Devs:         9.252           7.987 
Bias:             -0.610                        Bias Limit:        3.330
SEP(C):            5.206                        SED(C) Limit:      7.215
Slope:             0.958                        RSQ:               0.685 
Ave. Global H:     0.000                        Ave. Neigh. H:     0.000 

Pos.    Sample No.      Lab     ANL     Residual        Bias    GH1     NH1

     1 14W32119      14.281  20.407      -6.126*     -5.516   0.000    0.000 
     2 14W32479      15.243  19.418      -4.174*     -3.564   0.000    0.000 
     3 14NY0767-2     3.288  15.013     -11.725*    -11.115   0.000    0.000 
     4 14NY0767-1     6.075  17.346     -11.271*    -10.661   0.000    0.000 
     5 14NY0537-2     7.749  20.367     -12.618*    -12.008   0.000    0.000 
     6 14NY0643-2    10.324  12.801      -2.477      -1.868   0.000    0.000 
     7 14NY0568-1    10.376  15.100      -4.724*     -4.114   0.000    0.000 
     8 14NY0166-1     1.606  10.883      -9.276*     -8.666   0.000    0.000 
     9 14NY0568-2    18.382  17.014       1.368       1.978   0.000    0.000 
    10 14NY0313-1    12.248   7.626       4.622*      5.232   0.000    0.000 
    11 14NY0592-1    15.188  15.680      -0.493       0.117   0.000    0.000 
    12 14NY0832-2    33.212  30.728       2.483       3.093   0.000    0.000 
    13 14NY0263-1    22.426  17.639       4.787*      5.396   0.000    0.000 
    14 14NY0453-2    25.204  19.671       5.533*      6.143   0.000    0.000 
    15 14NY0536-1    11.423  14.305      -2.882*     -2.272   0.000    0.000 
    16 14NY0735-1    20.629  21.121      -0.491       0.119   0.000    0.000 
    17 14NY0535-1    13.115  14.016      -0.900      -0.291   0.000    0.000 
    18 14NY0045-1    12.198  14.323      -2.125      -1.515   0.000    0.000 
    19 14NY0536-2    17.327  20.886      -3.559*     -2.949   0.000    0.000 
    20 14NY0120-1    16.158  16.438      -0.280       0.330   0.000    0.000 
    21 14NY0617-2    28.398  26.532       1.866       2.476   0.000    0.000 
    22 14NY0120-2    22.244  17.764       4.480*      5.090   0.000    0.000 
    23 14NY0238-1    28.113  24.982       3.132*      3.742   0.000    0.000 
    24 14NY0097-1    12.649  20.106      -7.457*     -6.848   0.000    0.000 
    25 14NY0410-1    25.912  19.772       6.140*      6.750   0.000    0.000 
    26 14NY0846-2     8.849  12.715      -3.866*     -3.256   0.000    0.000 
    27 14NY0428-2    12.081  13.771      -1.690      -1.080   0.000    0.000 
    28 14NY0809-1     9.133  10.842      -1.709      -1.099   0.000    0.000 
    29 14NY0825-2    13.780  18.880      -5.100*     -4.490   0.000    0.000 
    30 14NY0496-2    17.773  13.073       4.700*      5.310   0.000    0.000 
    31 14NY0399-1    14.501  18.424      -3.923*     -3.313   0.000    0.000 
    32 14NY0263-2    17.195   7.408       9.787*     10.397   0.000    0.000 
    33 14NY0262-1    30.380  32.951      -2.570*     -1.960   0.000    0.000 
    34 14NY0252-2    18.743  15.803       2.939*      3.549   0.000    0.000 
    35 14NY0237-1    14.673  11.912       2.761*      3.371   0.000    0.000 
    36 14NY0258-2     3.034   9.771      -6.737*     -6.127   0.000    0.000 
    37 14NY0261-1    24.381  22.154       2.227       2.837   0.000    0.000 
    38 14NY0237-2    13.209   9.886       3.323*      3.933   0.000    0.000 
    39 14NY0408-2    17.174  20.212      -3.038*     -2.429   0.000    0.000 
    40 14NY0403-2    13.185  14.838      -1.653      -1.043   0.000    0.000 
    41 14NY0496-1    25.279  14.517      10.762*     11.372   0.000    0.000 
    42 14NY0258-1    12.538   8.564       3.974*      4.584   0.000    0.000 
    43 14NY0413-1     7.268   3.016       4.252*      4.862   0.000    0.000 
    44 14NY0347-2    18.258  18.856      -0.598       0.012   0.000    0.000 
    45 15W2404-1      6.699   5.475       1.223       1.833   0.000    0.000 
    46 15W2968-1     10.090   7.927       2.163       2.773   0.000    0.000 
    47 15W2554-1      6.452   7.351      -0.899      -0.289   0.000    0.000 
    48 15W2807-2     16.392   8.548       7.844*      8.454   0.000    0.000 
    49 15W3205-2      7.896  12.703      -4.807*     -4.197   0.000    0.000 
    50 15W2413-1     36.014  35.463       0.551       1.161   0.000    0.000 
    51 15W2349        7.246  10.576      -3.330*     -2.720   0.000    0.000 
    52 15W2344       22.368  18.116       4.252*      4.862   0.000    0.000 
    53 15W3001-2     10.033   3.618       6.415*      7.025   0.000    0.000 
    54 15W2942-1     40.304  35.070       5.233*      5.843   0.000    0.000 
    55 15W3019-1     15.725  14.170       1.555       2.164   0.000    0.000 
    56 15W3401-2     10.352   5.316       5.036*      5.646   0.000    0.000 
    57 15W3550-1     25.514  22.479       3.035*      3.645   0.000    0.000 
    58 15NY0718      15.158  14.352       0.806       1.416   0.000    0.000 
    59 15NY0484       3.169   5.791      -2.623*     -2.013   0.000    0.000 
    60 15NY0788      28.240  22.060       6.180*      6.790   0.000    0.000 
    61 15NY0841      16.748  16.634       0.114       0.724   0.000    0.000 
    62 15NY0289      27.799  23.895       3.904*      4.514   0.000    0.000 
    63 15NY0533      11.869  20.057      -8.188*     -7.579   0.000    0.000 
    64 15NY0724      17.853  15.373       2.480       3.090   0.000    0.000 
    65 15NY0804      23.728  22.057       1.671       2.281   0.000    0.000 
    66 15NY0720      15.661  16.701      -1.040      -0.430   0.000    0.000 
    67 14NY0609      22.394  21.601       0.793       1.403   0.000    0.000 
    68 14NY0609      22.394  17.959       4.435*      5.045   0.000    0.000 
    69 14W32040-1    15.759   6.342       9.417*     10.027   0.000    0.000 
    70 14NY0878      28.243  29.206      -0.962      -0.352   0.000    0.000 
    71 14W30324-1    34.645  32.636       2.009       2.619   0.000    0.000 
    72 14NY0878      28.243  33.268      -5.025*     -4.415   0.000    0.000 
    73 14W30517-1    22.891  14.182       8.708*      9.318   0.000    0.000 
    74 14W31102-1    35.471  35.409       0.062       0.672   0.000    0.000 
    75 14NY0746-2     1.949   9.336      -7.387*     -6.777   0.000    0.000 
    76 14NY0501-2     2.458   8.269      -5.811*     -5.201   0.000    0.000 
    77 14NY0246-1    11.630   6.579       5.051*      5.661   0.000    0.000 
    78 14NY0501-1     7.592   9.795      -2.202      -1.592   0.000    0.000 
    79 14NY0501-2     2.458   9.790      -7.332*     -6.722   0.000    0.000 
    80 14NY0746-1     4.431  12.113      -7.682*     -7.072   0.000    0.000 
    81 14NY0501-1     7.592  12.118      -4.526*     -3.916   0.000    0.000 
    82 14NY0444-1     8.556  14.905      -6.349*     -5.739   0.000    0.000 
    83 14NY0656-2    25.025  31.415      -6.390*     -5.780   0.000    0.000 
    84 14NY0656-2    25.025  31.606      -6.580*     -5.970   0.000    0.000 
    85 14NY0440-1    39.875  36.415       3.461*      4.070   0.000    0.000 
    86 14NY0440-1    39.875  36.674       3.202*      3.811   0.000    0.000 
    87 14NY0617-2    28.398  27.114       1.285       1.895   0.000    0.000 
    88 14NY0617-2    28.398  27.248       1.150       1.760   0.000    0.000 
    89 14NY0656-1    24.623  28.367      -3.744*     -3.134   0.000    0.000 
    90 14NY0656-1    24.623  28.507      -3.884*     -3.274   0.000    0.000 
    91 14NY0444-1     8.556  16.691      -8.135*     -7.525   0.000    0.000 
    92 14NY0444-1     8.556  16.975      -8.419*     -7.809   0.000    0.000 
    93 14NY0444-1     8.556  16.437      -7.881*     -7.271   0.000    0.000 
    94 15W2807-2     16.392  11.117       5.275*      5.885   0.000    0.000 
    95 15W2807-2     16.392  11.216       5.177*      5.786   0.000    0.000 
    96 15W2807-2     16.392  11.395       4.997*      5.607   0.000    0.000 
    97 15W3205-2      7.896  17.918     -10.021*     -9.412   0.000    0.000 
    98 15W3205-2      7.896  17.738      -9.842*     -9.232   0.000    0.000 
    99 15W3146-2      8.538  13.695      -5.157*     -4.547   0.000    0.000 
   100 15W3146-2      8.538  13.973      -5.435*     -4.825   0.000    0.000 
   101 15W2610-2     12.106  13.326      -1.220      -0.610   0.000    0.000 
   102 15W2610-2     12.106  13.341      -1.235      -0.625   0.000    0.000 
   103 14NY0617-1    25.893  22.162       3.731*      4.341   0.000    0.000 
   104 14NY0617-1    25.893  22.101       3.792*      4.402   0.000    0.000 



Total_Poly vs. Total_Poly

SEP:               5.812                        Num. Samps:          103
Means:            26.183          26.170        Std. Devs:        11.136           9.691 
Bias:              0.014                        Bias Limit:        0.600
SEP(C):            5.840*                       SED(C) Limit:      1.300
Slope:             0.979                        RSQ:               0.725 
Ave. Global H:     0.000                        Ave. Neigh. H:     0.000 

Pos.    Sample No.      Lab     ANL     Residual        Bias    GH1     NH1

     1 14W32119      38.269  40.013      -1.744      -1.758   0.000    0.000 
     2 14W32479      24.729  35.213     -10.484*    -10.498   0.000    0.000 
     3 14NY0767-2     3.229  15.675     -12.445*    -12.459   0.000    0.000 
     4 14NY0767-1     4.957  12.463      -7.506*     -7.519   0.000    0.000 
     5 14NY0537-2     1.121   0.867       0.254       0.240   0.000    0.000 
     6 14NY0643-2    12.809   2.176      10.633*     10.620   0.000    0.000 
     7 14NY0568-1     3.840   8.223      -4.383*     -4.397   0.000    0.000 
     8 14NY0166-1     3.981   9.337      -5.356*     -5.369   0.000    0.000 
     9 14NY0568-2    18.831  12.191       6.640*      6.626   0.000    0.000 
    10 14NY0313-1     5.010   9.523      -4.512*     -4.526   0.000    0.000 
    11 14NY0592-1    32.699  32.208       0.491       0.477   0.000    0.000 
    12 14NY0832-2    35.399  32.861       2.538*      2.524   0.000    0.000 
    13 14NY0263-1    34.656  30.071       4.585*      4.571   0.000    0.000 
    14 14NY0453-2    42.719  36.685       6.034*      6.020   0.000    0.000 
    15 14NY0536-1    28.151  29.936      -1.785      -1.798   0.000    0.000 
    16 14NY0735-1    17.900  30.828     -12.928*    -12.942   0.000    0.000 
    17 14NY0535-1    22.693  29.052      -6.359*     -6.373   0.000    0.000 
    18 14NY0045-1    20.567  29.369      -8.802*     -8.815   0.000    0.000 
    19 14NY0536-2    16.255  28.907     -12.652*    -12.666   0.000    0.000 
    20 14NY0120-1    33.344  29.497       3.847*      3.833   0.000    0.000 
    21 14NY0617-2    35.246  29.660       5.586*      5.572   0.000    0.000 
    22 14NY0120-2    26.307  21.071       5.235*      5.222   0.000    0.000 
    23 14NY0238-1    38.456  32.298       6.158*      6.144   0.000    0.000 
    24 14NY0097-1    24.344  31.721      -7.378*     -7.391   0.000    0.000 
    25 14NY0410-1    27.694  29.272      -1.578      -1.592   0.000    0.000 
    26 14NY0846-2    21.360  26.221      -4.861*     -4.875   0.000    0.000 
    27 14NY0428-2    32.826  35.104      -2.277      -2.291   0.000    0.000 
    28 14NY0809-1    34.854  32.130       2.725*      2.711   0.000    0.000 
    29 14NY0825-2    33.715  32.716       0.999       0.985   0.000    0.000 
    30 14NY0496-2    33.100  31.253       1.847       1.833   0.000    0.000 
    31 14NY0399-1    18.928  22.455      -3.527*     -3.540   0.000    0.000 
    32 14NY0263-2    33.796  28.155       5.642*      5.628   0.000    0.000 
    33 14NY0262-1    33.294  37.186      -3.892*     -3.905   0.000    0.000 
    34 14NY0252-2    25.651  27.593      -1.941      -1.955   0.000    0.000 
    35 14NY0237-1    29.535  30.688      -1.153      -1.166   0.000    0.000 
    36 14NY0258-2    12.672  22.237      -9.565*     -9.578   0.000    0.000 
    37 14NY0261-1    43.338  39.825       3.513*      3.499   0.000    0.000 
    38 14NY0237-2    31.967  29.086       2.881*      2.867   0.000    0.000 
    39 14NY0408-2    38.732  34.396       4.336*      4.322   0.000    0.000 
    41 14NY0496-1    36.266  30.122       6.144*      6.131   0.000    0.000 
    42 14NY0258-1    24.140  21.388       2.752*      2.738   0.000    0.000 
    43 14NY0413-1    20.269  15.399       4.870*      4.856   0.000    0.000 
    44 14NY0347-2    36.292  23.545      12.747*     12.734   0.000    0.000 
    45 15W2404-1     10.040  11.838      -1.798      -1.811   0.000    0.000 
    46 15W2968-1      2.855  14.624     -11.770*    -11.783   0.000    0.000 
    47 15W2554-1      9.803  12.541      -2.739*     -2.753   0.000    0.000 
    48 15W2807-2     36.717  29.957       6.760*      6.746   0.000    0.000 
    49 15W3205-2     31.641  30.679       0.962       0.949   0.000    0.000 
    50 15W2413-1     40.809  37.527       3.281*      3.268   0.000    0.000 
    51 15W2349       15.742  28.621     -12.880*    -12.893   0.000    0.000 
    52 15W2344       37.303  33.009       4.294*      4.281   0.000    0.000 
    53 15W3001-2     27.584  24.654       2.929*      2.916   0.000    0.000 
    54 15W2942-1     36.507  36.712      -0.205      -0.219   0.000    0.000 
    55 15W3019-1     42.708  33.390       9.318*      9.304   0.000    0.000 
    56 15W3401-2     23.727  22.269       1.458       1.445   0.000    0.000 
    57 15W3550-1     32.708  27.195       5.514*      5.500   0.000    0.000 
    58 15NY0718      29.432  27.800       1.631       1.618   0.000    0.000 
    59 15NY0484      19.838  21.597      -1.759      -1.772   0.000    0.000 
    60 15NY0788      32.280  31.123       1.157       1.143   0.000    0.000 
    61 15NY0841      39.286  34.072       5.214*      5.200   0.000    0.000 
    62 15NY0289      41.308  34.972       6.336*      6.322   0.000    0.000 
    63 15NY0533      30.137  27.338       2.799*      2.785   0.000    0.000 
    64 15NY0724      27.177  28.567      -1.390      -1.404   0.000    0.000 
    65 15NY0804      33.552  32.200       1.352       1.338   0.000    0.000 
    66 15NY0720      26.698  29.046      -2.348      -2.362   0.000    0.000 
    67 14NY0609      14.690  18.241      -3.551*     -3.565   0.000    0.000 
    68 14NY0609      14.690  12.246       2.444       2.430   0.000    0.000 
    69 14W32040-1    28.239  12.687      15.552*     15.538   0.000    0.000 
    70 14NY0878      29.495  36.100      -6.606*     -6.619   0.000    0.000 
    71 14W30324-1    34.675  35.863      -1.188      -1.201   0.000    0.000 
    72 14NY0878      29.495  35.280      -5.785*     -5.799   0.000    0.000 
    73 14W30517-1    32.890  24.489       8.401*      8.387   0.000    0.000 
    74 14W31102-1    34.243  38.027      -3.784*     -3.798   0.000    0.000 
    75 14NY0746-2    25.167  27.160      -1.993      -2.007   0.000    0.000 
    76 14NY0501-2    16.149  26.597     -10.448*    -10.462   0.000    0.000 
    77 14NY0246-1    41.382  26.858      14.524*     14.510   0.000    0.000 
    78 14NY0501-1    23.384  26.545      -3.161*     -3.174   0.000    0.000 
    79 14NY0501-2    16.149  24.422      -8.273*     -8.286   0.000    0.000 
    80 14NY0746-1    24.358  27.436      -3.078*     -3.092   0.000    0.000 
    81 14NY0501-1    23.384  18.312       5.072*      5.058   0.000    0.000 
    82 14NY0444-1    10.444  15.316      -4.872*     -4.886   0.000    0.000 
    83 14NY0656-2    31.183  35.042      -3.858*     -3.872   0.000    0.000 
    84 14NY0656-2    31.183  35.140      -3.957*     -3.971   0.000    0.000 
    85 14NY0440-1    43.036  44.334      -1.299      -1.312   0.000    0.000 
    86 14NY0440-1    43.036  44.605      -1.569      -1.583   0.000    0.000 
    87 14NY0617-2    35.246  30.066       5.180*      5.167   0.000    0.000 
    88 14NY0617-2    35.246  30.241       5.006*      4.992   0.000    0.000 
    89 14NY0656-1    24.264  29.290      -5.026*     -5.039   0.000    0.000 
    90 14NY0656-1    24.264  29.676      -5.412*     -5.425   0.000    0.000 
    91 14NY0444-1    10.444  11.555      -1.111      -1.125   0.000    0.000 
    92 14NY0444-1    10.444  11.961      -1.517      -1.531   0.000    0.000 
    93 14NY0444-1    10.444  12.007      -1.563      -1.576   0.000    0.000 
    94 15W2807-2     36.717  31.683       5.034*      5.020   0.000    0.000 
    95 15W2807-2     36.717  32.047       4.670*      4.656   0.000    0.000 
    96 15W2807-2     36.717  32.028       4.690*      4.676   0.000    0.000 
    97 15W3205-2     31.641  32.526      -0.885      -0.898   0.000    0.000 
    98 15W3205-2     31.641  32.714      -1.072      -1.086   0.000    0.000 
    99 15W3146-2      8.639   3.297       5.342*      5.328   0.000    0.000 
   100 15W3146-2      8.639   3.520       5.119*      5.106   0.000    0.000 
   101 15W2610-2     10.848   9.205       1.643       1.630   0.000    0.000 
   102 15W2610-2     10.848   9.363       1.485       1.472   0.000    0.000 
   103 14NY0617-1    32.522  30.594       1.928       1.915   0.000    0.000 
   104 14NY0617-1    32.522  30.643       1.879       1.865   0.000    0.000 



WSP vs. WSP

SEP:               5.402                        Num. Samps:          103
Means:             9.352           9.132        Std. Devs:         9.031           8.443 
Bias:              0.220                        Bias Limit:        0.600
SEP(C):            5.424*                       SED(C) Limit:      1.300
Slope:             0.866                        RSQ:               0.655 
Ave. Global H:     0.000                        Ave. Neigh. H:     0.000 

Pos.    Sample No.      Lab     ANL     Residual        Bias    GH1     NH1

     1 14W32119      23.987  22.744       1.243       1.023   0.000    0.000 
     2 14W32479       9.486  20.474     -10.988*    -11.208   0.000    0.000 
     3 14NY0767-2    -0.059  -0.508       0.450       0.230   0.000    0.000 
     4 14NY0767-1    -1.118  -6.472       5.355*      5.134   0.000    0.000 
     5 14NY0537-2    -6.628 -17.682      11.054*     10.834   0.000    0.000 
     6 14NY0643-2     2.486  -6.877       9.362*      9.142   0.000    0.000 
     7 14NY0568-1    -6.536  -3.283      -3.253*     -3.473   0.000    0.000 
     8 14NY0166-1     2.374   4.565      -2.191      -2.411   0.000    0.000 
     9 14NY0568-2     0.449  -0.982       1.431       1.211   0.000    0.000 
    10 14NY0313-1    -7.238   7.160     -14.398*    -14.618   0.000    0.000 
    11 14NY0592-1    17.511  16.454       1.057       0.837   0.000    0.000 
    12 14NY0832-2     2.187   1.472       0.715       0.495   0.000    0.000 
    13 14NY0263-1    12.230   9.543       2.687*      2.467   0.000    0.000 
    14 14NY0453-2    17.515  16.302       1.213       0.993   0.000    0.000 
    15 14NY0536-1    16.728  16.703       0.025      -0.195   0.000    0.000 
    16 14NY0735-1    -2.729   8.422     -11.151*    -11.371   0.000    0.000 
    17 14NY0535-1     9.578  14.575      -4.997*     -5.217   0.000    0.000 
    18 14NY0045-1     8.369  14.140      -5.771*     -5.991   0.000    0.000 
    19 14NY0536-2    -1.072   7.903      -8.976*     -9.196   0.000    0.000 
    20 14NY0120-1    17.186  11.545       5.640*      5.420   0.000    0.000 
    21 14NY0617-2     6.848   1.479       5.369*      5.149   0.000    0.000 
    22 14NY0120-2     4.063   2.763       1.300       1.080   0.000    0.000 
    23 14NY0238-1    10.343   7.423       2.920*      2.700   0.000    0.000 
    24 14NY0097-1    11.695  11.866      -0.171      -0.391   0.000    0.000 
    25 14NY0410-1     1.782   7.070      -5.288*     -5.508   0.000    0.000 
    26 14NY0846-2    12.511  14.399      -1.887      -2.108   0.000    0.000 
    27 14NY0428-2    20.745  20.452       0.293       0.073   0.000    0.000 
    28 14NY0809-1    25.721  20.864       4.857*      4.637   0.000    0.000 
    29 14NY0825-2    19.935  12.770       7.165*      6.945   0.000    0.000 
    30 14NY0496-2    15.327  17.679      -2.352      -2.572   0.000    0.000 
    31 14NY0399-1     4.427   3.491       0.936       0.716   0.000    0.000 
    32 14NY0263-2    16.601  21.681      -5.080*     -5.300   0.000    0.000 
    33 14NY0262-1     2.914   2.165       0.749       0.528   0.000    0.000 
    34 14NY0252-2     6.909  11.963      -5.055*     -5.275   0.000    0.000 
    35 14NY0237-1    14.862  18.261      -3.399*     -3.619   0.000    0.000 
    36 14NY0258-2     9.637  13.403      -3.766*     -3.986   0.000    0.000 
    37 14NY0261-1    18.957  16.882       2.076       1.856   0.000    0.000 
    38 14NY0237-2    18.758  19.177      -0.420      -0.640   0.000    0.000 
    39 14NY0408-2    21.558  13.230       8.328*      8.108   0.000    0.000 
    41 14NY0496-1    10.987  13.395      -2.408      -2.628   0.000    0.000 
    42 14NY0258-1    11.602  15.126      -3.524*     -3.744   0.000    0.000 
    43 14NY0413-1    13.000  16.141      -3.141*     -3.361   0.000    0.000 
    44 14NY0347-2    18.034   4.633      13.401*     13.181   0.000    0.000 
    45 15W2404-1      3.342   7.277      -3.935*     -4.155   0.000    0.000 
    46 15W2968-1     -7.236   8.841     -16.077*    -16.297   0.000    0.000 
    47 15W2554-1      3.351   6.039      -2.688*     -2.908   0.000    0.000 
    48 15W2807-2     20.325  22.104      -1.779      -2.000   0.000    0.000 
    49 15W3205-2     23.745  18.368       5.377*      5.157   0.000    0.000 
    50 15W2413-1      4.795   1.939       2.856*      2.636   0.000    0.000 
    51 15W2349        8.496  16.568      -8.072*     -8.292   0.000    0.000 
    52 15W2344       14.936  14.329       0.606       0.386   0.000    0.000 
    53 15W3001-2     17.551  22.922      -5.371*     -5.591   0.000    0.000 
    54 15W2942-1     -3.796  -0.197      -3.600*     -3.820   0.000    0.000 
    55 15W3019-1     26.983  19.766       7.217*      6.997   0.000    0.000 
    56 15W3401-2     13.375  17.580      -4.205*     -4.425   0.000    0.000 
    57 15W3550-1      7.194   6.697       0.497       0.277   0.000    0.000 
    58 15NY0718      14.273  13.229       1.045       0.825   0.000    0.000 
    59 15NY0484      16.670  16.781      -0.112      -0.332   0.000    0.000 
    60 15NY0788       4.039  10.084      -6.045*     -6.265   0.000    0.000 
    61 15NY0841      22.538  17.328       5.209*      4.989   0.000    0.000 
    62 15NY0289      13.509  12.070       1.439       1.219   0.000    0.000 
    63 15NY0533      18.268   7.005      11.263*     11.043   0.000    0.000 
    64 15NY0724       9.324  15.081      -5.757*     -5.977   0.000    0.000 
    65 15NY0804       9.824   7.261       2.563*      2.343   0.000    0.000 
    66 15NY0720      11.037  10.151       0.886       0.666   0.000    0.000 
    67 14NY0609      -7.704   1.078      -8.782*     -9.002   0.000    0.000 
    68 14NY0609      -7.704  -1.310      -6.394*     -6.614   0.000    0.000 
    69 14W32040-1    12.480   9.289       3.191*      2.971   0.000    0.000 
    70 14NY0878       1.251   5.919      -4.668*     -4.888   0.000    0.000 
    71 14W30324-1     0.030   2.734      -2.704*     -2.924   0.000    0.000 
    72 14NY0878       1.251   0.432       0.820       0.600   0.000    0.000 
    73 14W30517-1     9.999  10.529      -0.529      -0.749   0.000    0.000 
    74 14W31102-1    -1.228  -1.321       0.093      -0.127   0.000    0.000 
    75 14NY0746-2    23.218  18.655       4.563*      4.342   0.000    0.000 
    76 14NY0501-2    13.691  18.233      -4.542*     -4.762   0.000    0.000 
    77 14NY0246-1    29.752  21.233       8.519*      8.299   0.000    0.000 
    78 14NY0501-1    15.792  16.652      -0.860      -1.080   0.000    0.000 
    79 14NY0501-2    13.691  13.433       0.258       0.038   0.000    0.000 
    80 14NY0746-1    19.927  14.727       5.201*      4.981   0.000    0.000 
    81 14NY0501-1    15.792   6.943       8.848*      8.628   0.000    0.000 
    82 14NY0444-1     1.888   1.976      -0.088      -0.308   0.000    0.000 
    83 14NY0656-2     6.158   3.310       2.848*      2.628   0.000    0.000 
    84 14NY0656-2     6.158   3.218       2.939*      2.719   0.000    0.000 
    85 14NY0440-1     3.160   6.720      -3.560*     -3.780   0.000    0.000 
    86 14NY0440-1     3.160   6.639      -3.478*     -3.699   0.000    0.000 
    87 14NY0617-2     6.848   1.413       5.435*      5.215   0.000    0.000 
    88 14NY0617-2     6.848   1.437       5.411*      5.191   0.000    0.000 
    89 14NY0656-1    -0.359   0.694      -1.053      -1.273   0.000    0.000 
    90 14NY0656-1    -0.359   0.824      -1.183      -1.403   0.000    0.000 
    91 14NY0444-1     1.888  -5.020       6.908*      6.688   0.000    0.000 
    92 14NY0444-1     1.888  -5.004       6.892*      6.672   0.000    0.000 
    93 14NY0444-1     1.888  -4.309       6.196*      5.976   0.000    0.000 
    94 15W2807-2     20.325  20.716      -0.391      -0.611   0.000    0.000 
    95 15W2807-2     20.325  20.918      -0.593      -0.814   0.000    0.000 
    96 15W2807-2     20.325  20.746      -0.421      -0.642   0.000    0.000 
    97 15W3205-2     23.745  14.595       9.150*      8.930   0.000    0.000 
    98 15W3205-2     23.745  14.945       8.800*      8.580   0.000    0.000 
    99 15W3146-2      0.101  -6.048       6.149*      5.929   0.000    0.000 
   100 15W3146-2      0.101  -6.170       6.271*      6.051   0.000    0.000 
   101 15W2610-2     -1.258   1.408      -2.666*     -2.886   0.000    0.000 
   102 15W2610-2     -1.258   1.512      -2.770*     -2.990   0.000    0.000 
   103 14NY0617-1     6.629   7.510      -0.881      -1.101   0.000    0.000 
   104 14NY0617-1     6.629   7.618      -0.989      -1.209   0.000    0.000 




