
File Name:      C:\USERS\DUSTIN\DESKTOP\SWEETCORN\LILY\WSMDP2021SH2STMODPLSVAL.ANL  Predicted Value File
File Date:      Wed Jan 20 23:32:09 2021
Last Update:    Wed Jan 20 23:32:09 2021
File ID:        Exported from Mosaic            Master No:      <none>
Samples:        51              Deleted:        0
Constituents:   6               No. Data Points:        4200
Moisture Basis  Dry Matter
Samples of Total        51 of 51

"Position","Sample Number","Starch","Total_Poly2","WSP2","Starch2","Total_Poly","WSP",
1,"<none>", 34.7480392, 11.1368084,-22.1914902, 34.7480392, 11.1368084,-22.1914902,
2,"<none>", 34.7685089, 11.2176132,-22.1086845, 34.7685089, 11.2176132,-22.1086845,
3,"<none>", 34.6405258, 11.0641804,-22.1794701, 34.6405258, 11.0641804,-22.1794701,
4,"<none>", 35.1417999, 11.4067383,-22.2305756, 35.1417999, 11.4067383,-22.2305756,
5,"<none>", 34.9620094, 11.2722206,-22.2270470, 34.9620094, 11.2722206,-22.2270470,
6,"<none>", 34.7817345, 11.0883980,-22.2857132, 34.7817345, 11.0883980,-22.2857132,
7,"14NY0656-2", 12.2745056, 11.8360062, 0.5083332, 12.2745056, 11.8360062, 0.5083332,
8,"14NY0656-2", 12.2935972, 11.8572178, 0.5167632, 12.2935972, 11.8572178, 0.5167632,
9,"14NY0440-1", 13.7653399, 12.1903439,-0.4881697, 13.7653399, 12.1903439,-0.4881697,
10,"14NY0440-1", 13.7550154, 12.1679325,-0.5066485, 13.7550154, 12.1679325,-0.5066485,
11,"15W3032-2", 12.6581717, 10.2953739,-1.8222029, 12.6581717, 10.2953739,-1.8222029,
12,"15W3032-2", 12.6204748, 10.2805958,-1.8044055, 12.6204748, 10.2805958,-1.8044055,
13,"14NY0617-2", 11.1075163, 8.7846680,-2.2374249, 11.1075163, 8.7846680,-2.2374249,
14,"14NY0617-2", 11.1377773, 8.8292522,-2.2101111, 11.1377773, 8.8292522,-2.2101111,
15,"14NY0656-1", 10.1020441, 9.4244461,-0.4484012, 10.1020441, 9.4244461,-0.4484012,
16,"14NY656-1", 10.0461979, 9.4019680,-0.4227648, 10.0461979, 9.4019680,-0.4227648,
17,"14NY0656-1", 10.0363874, 9.4023228,-0.4127939, 10.0363874, 9.4023228,-0.4127939,
18,"15W2361-2", 14.3620844, 11.5737343,-1.8510566, 14.3620844, 11.5737343,-1.8510566,
19,"15W2361-2", 14.3190622, 11.5645351,-1.8210044, 14.3190622, 11.5645351,-1.8210044,
20,"14NY0444-1", 7.9813852, 3.5168500,-5.8989830, 7.9813852, 3.5168500,-5.8989830,
21,"14NY0444-1", 7.9921608, 3.5426331,-5.8766708, 7.9921608, 3.5426331,-5.8766708,
22,"14NY0444-1", 7.9194031, 3.6047854,-5.7270589, 7.9194031, 3.6047854,-5.7270589,
23,"15W2807-2", 11.1766958, 10.8013363, 0.2587028, 11.1766958, 10.8013363, 0.2587028,
24,"15W2807-2", 11.1859207, 10.8175888, 0.2703991, 11.1859207, 10.8175888, 0.2703991,
25,"15W2807-2", 11.1945133, 10.8398380, 0.2903461, 11.1945133, 10.8398380, 0.2903461,
26,"15W3205-2", 14.4524622, 13.5963078, 0.6319871, 14.4524622, 13.5963078, 0.6319871,
27,"15W3205-2", 14.4332876, 13.5803013, 0.6302395, 14.4332876, 13.5803013, 0.6302395,
28,"14NY0150-1", 9.2126894, 6.7481151,-2.9869533, 9.2126894, 6.7481151,-2.9869533,
29,"14NY0150-1", 9.2063723, 6.7274785,-3.0070508, 9.2063723, 6.7274785,-3.0070508,
30,"14W30927-1", 12.1294403, 12.6931496, 1.7386012, 12.1294403, 12.6931496, 1.7386012,
31,"14W30927-1", 12.0702038, 12.6580772, 1.7514935, 12.0702038, 12.6580772, 1.7514935,
32,"15W3146-2", 8.7633190, 3.9613137,-6.0929461, 8.7633190, 3.9613137,-6.0929461,
33,"15W3146-2", 8.7603025, 3.9748516,-6.0728030, 8.7603025, 3.9748516,-6.0728030,
34,"14NY0407-2", 10.4206266, 9.0539780,-1.2284729, 10.4206266, 9.0539780,-1.2284729,
35,"14NY0407-2", 10.3885460, 9.0991592,-1.1399043, 10.3885460, 9.0991592,-1.1399043,
36,"14NY0407-2", 10.3987265, 9.0750580,-1.1804192, 10.3987265, 9.0750580,-1.1804192,
37,"15W3610-18", 4.5107145, 7.4362941, 2.4511285, 4.5107145, 7.4362941, 2.4511285,
38,"15W3610-1", 4.5723095, 7.4216313, 2.3727098, 4.5723095, 7.4216313, 2.3727098,
39,"14NY0407-1", 10.1624498, 8.6060448,-1.5472407, 10.1624498, 8.6060448,-1.5472407,
40,"14NY0407-1", 10.2095871, 8.6355133,-1.5555298, 10.2095871, 8.6355133,-1.5555298,
41,"14NY0407-1", 10.2297306, 8.6845665,-1.5127280, 10.2297306, 8.6845665,-1.5127280,
42,"15W2610-2", 14.4786081, 10.6974640,-3.0779009, 14.4786081, 10.6974640,-3.0779009,
43,"15W2610-2", 14.4501390, 10.7029209,-3.0433426, 14.4501390, 10.7029209,-3.0433426,
44,"14NY0150-2", 9.9179173, 6.7346301,-3.6885366, 9.9179173, 6.7346301,-3.6885366,
45,"14NY0150-2", 9.8581791, 6.7120728,-3.6592336, 9.8581791, 6.7120728,-3.6592336,
46,"14NY0617-1", 11.3527727, 9.4391670,-1.6435492, 11.3527727, 9.4391670,-1.6435492,
47,"14NY0617-1", 11.3114367, 9.4460201,-1.5947268, 11.3114367, 9.4460201,-1.5947268,
48,"14NY0444-2", 7.6365480, 5.5311351,-3.0040925, 7.6365480, 5.5311351,-3.0040925,
49,"14NY0444-2", 7.6184616, 5.5238223,-2.9958260, 7.6184616, 5.5238223,-2.9958260,
50,"14NY0072-2", 11.0462999, 9.8977127,-0.7632818, 11.0462999, 9.8977127,-0.7632818,
51,"14NY0072-2", 11.0362034, 9.9218922,-0.7227485, 11.0362034, 9.9218922,-0.7227485,

                        "Minimum:",, 4.5107145, 3.5168500,-22.2857132, 4.5107145, 3.5168500,-22.2857132,
                        "Maximum:",, 35.1417999, 13.5963078, 2.4511285, 35.1417999, 13.5963078, 2.4511285,
                        "Mean:",, 13.5999651, 9.3034525,-3.9970050, 13.5999651, 9.3034525,-3.9970050,
                        "Std. Deviation:",, 8.1494722, 2.6624422, 7.0175667, 8.1494722, 2.6624422, 7.0175667,
                        "Total Values:",, 51.0000000, 51.0000000, 51.0000000, 51.0000000, 51.0000000, 51.0000000,
